6
91
6
1
111
1
64
1
29
7
1
184
1
93
91
1
59
1
1
51
85
1
30
1
24
1
157
1
1
1
1
1
60
1
62
1
1
1
165
40
1
61
1
115
92
93
1
139
90
1
63
1
15
1
78
1
16
1
39
1
32
1
26
26
104
82
86
145
223
1
1
124
1
122
124
39
23
26
70
19
1
18
231
59
15
16
332
82
62
11
14
7
62
19
2
151
4
5
1
1
47
1
1
29
1
78
32
11
29
6
55
35
64
1
170
1
1
1
1
1
43
104
5
359
6
4
48
7
12
48
6
23
153
27
7
4
5
5
7
9
3
6
1
13
1
22
1
83
1
207
1
18
5
19
4
45
28
1
1
1
1
1
16
77
5
25
8
31
5
23
5
34
32
6
16
8
1
1
1
30
1
1
288
1
31
86
112
5
56
1
1
1
1
38
17
6
15
6
34
4
69
48
10
86
7
1
1
21
1
30
1
101
1
31
5
1
40
6
1
126
6
24
3
6
1
1
1
7
16
6
3
5
8
9
7
7
8
7
4
8
27
103
9
121
21
96
53
24
56
7
39
37
99
8
4
9
32
7
12
26
38
139
4
7
5
3
3
6
16
1
4
5
22
23
23
18
77
69
25
47
46
1
40
32
61
4
14
3
10
4
5
5
4
7
10
4
7
13
5
5
2
3
4
8
5
39
39
78
3
2
5
2
3
1
5
4
4
78
1
8
10
4
4
125
7
9
6
7
5
115
20
3
2
6
185
5
6
4
3
3
144
124
32
6
9
2
2
6
5
2
1
2
3
14
77
32
35
4
3
3
7
3
4
4
4
11
6
7
2
5
2
5
4
6
125
5
12
11
13
3
6
5
17
70
3
4
4
7
808
4
4
3
4
2
5
17
28
3
17
7
17
8
17
22
675
5
22
17
16
2
2
7
13
12
15
7
4
5
16
5
163
48
19
19
31
12
13
31
31
31
10
11
2
32
343
31
3
35
30
80
25
22
23
61
21
22
3
27
5
26
3
28
7
27
13
5
13
4
13
27
4
47
14
4
13
14
13
10
206
51
112
2
18
38
4
22
2
2
22
4
22
19
18
11
19
18
1
7
70
20
6
5
4
2
7
23
152
6
2
6
52
2
7
7
13
9
9
4
26
5
4
11
1
12
59
14
7
14
4
10
8
4
33
5
6
6
4
6
17
7
7
1
10
6
10
15
191
3
2
10
14
933
66
3
16
3
4
5
10
3
8
54
3
5
3
5
116
3
9
5
6
6
16
16
12
9
30
29
7
20
17
92
13
4
2
166
8
7
7
8
2
24
1130
1
15
69
22
16
7
11
8
8
9
6
10
8
3
10
7
2
8
8
12
10
12
11
17
13
9
14
6
35
16
5
6
235
28
7
8
3
4
8
2
10
5
15
15
9
9
8
5
9
9
4
7
7
2
127
102
11
11
40
5
7
5
6
5
5
5
4
6
9
4
3
5
6
112
23
18
29
6
7
5
68
1
1
15
27
42
32
82
24
28
3
12
3
3
2
2
7
2
64
2
3
4
8
36
2
11
2
7
1
1
1
2
5
3
1
1
7
1
1
1
1
1
4
4
4
11
7
4
6
7
5
6
7
134
18
31
2
37
6
6
4
6
6
4
3
6
2
13
81
27
27
13
10
7
13
34
94
35
7
6
713
4
21
20
9
9
45
6
9
9
201
4
6
6
7
4
4
11
4
20
19
7
18
12
6
52
86
22
69
24
29
66
154
22
6
27
91
9
4
8
2
8
5
3
4
31
65
12
6
9
4
4
7
4
20
4
4
9
5
6
4
6
144
21
861
20
9
65
123
5
40
6
37
38
12
111
51
38
66
54
51
136
62
19
13
21
37
54
78
100
86
26
99
66
98
16
33
53
142
26
43
22
119
16
36
53
47
28
49
24
107
121
104
24
81
15
71
66
17
24
78
61
48
79
35
60
16
55
125
115
456
68
49
33
14
24
17
20
51
24
37
32
61
21
46
17
63
89
35
72
17
90
59
28
47
67
281
38
16
38
41
97
22
46
52
33
122
78
41
157
7
43
127
5
8
34
9
55
57
20
26
17
4
4
2
115
114
56
138
26
16
176
145
229
2
28
26
254
22
27
44
20
80
127
2
138
51
10
33
30
7
269
15
4
7
7
41
14
119
40
46
49
28
98
167
60
2
19
212
19
50
6
45
179
44
41
49
34
34
98
33
95
81
63
36
185
49
21
94
27
64
51
36
15
153
67
45
51
48
55
47
7
371
87
127
19
66
52
83
97
33
5
678
23
35
106
67
61
69
28
41
79
25
76
24
58
21
20
56
50
45
167
51
50
53
96
31
15
3
8
4
5
6
142
6
5
7
1221
11
5
5
93
3
4
8
8
111
27
80
34
34
22
22
20
6
4
1211
4
139
6
4
3
2
22
23
10
32
2
125
64
10
10
10
10
14
13
5
8
6
41
7
28
184
5
234
67
4
79
2
5
94
72
83
59
34
64
28
56
25
74
5
4
5
3
181
9
56
18
17
5
2
30
33
51
77
9
139
126
65
19
28
38
84
33
4
7
33
4
4
4
16
5
237
6
18
19
3
36
182
7
9
8
16
14
3
12
9
3
3
13
467
59
15
23
12
11
15
2
11
4
10
10
10
3
3
28
6
5
32
25
9
5
21
9
5
65
11
3
7
15
13
5
15
2
19
3
7
10
5
5
3
17
9
12
5
7
2
3
79
40
65
65
8
3
15
15
3
15
3
3
15
1
4
55
2
3
3
55
19
4
16
18
248
2
75
2
4
7
5
2
68
7
6
4
5
11
4
4
5
631
3
11
6
8
9
4
29
95
2
4
2
3
4
4
2
4
4
4
4
5
10
4
5
4
2
5
4
62
8
20
122
3
4
10
6
1
15
29
30
11
30
1
16
503
4
2
5
2
258
75
75
354
8
13
2
2
2
4
3
2
2
3
6
2
3
6
9
51
5
55
5
58
9
232
9
1
6
8
9
13
6
9
15
4
15
11
15
350
15
73
15
10
15
15
15
12
23
12
12
1
6
542
6
1
6
6
13
8
3
17
15
2
34
3
38
77
4
157
8
8
8
8
1
1
16
12
7
6
11
5
8
8
2
4
14
8
2
6
10
12
5
7
10
11
7
4
3
26
7
2
7
9
7
2
9
5
2
8
2
9
2
5
12
12
4
6
25
94
58
28
37
20
51
1235
21
20
30
33
2
7
13
8
3
5
4
20
5
5
12
6
19
5
18
3
21
20
17
3
9
5
12
3
13
12
9
9
13
9
12
5
3
10
5
10
8
22
113
33
50
18
45
27
51
84
25
19
22
5
4
5
1
22
4
7
8
6
5
15
2
22
2
6
2
13
2
20
108
6
5
39
6
28
2
6
55
38
29
25
29
64
27
17
16
18
24
213
3
58
2
135
2
2
2
2
26
21
60
4
22
7
139
16
51
50
15
2
81
2
25
19
2
128
29
2
64
2
2
2
170
35
40
34
67
9
41
34
84
56
29
29
109
9
14
14
93
14
14
21
94
25
2
53
18
5
128
41
9
7
102
1
34
31
114
202
42
18
1
10
4
6
55
1
20
1
6
203
44
4
34
1
33
1
33
154
4
32
20
2
23
2
59
8
32
5
18
11
82
8
16
16
43
45
4
5
5
2
9
5
8
2
3
3
18
72
57
103
33
43
37
182
130
87
84
67
26
6
36
86
6
17
52
51
3
11
65
4
76
50
132
3
44
4
40
93
59
52
47
65
74
21
14
6
14
14
14
5
4
2
7
22
368
14
14
133
14
14
14
14
14
14
14
14
26
3
8
109
26
20
19
19
34
14
14
14
14
6
2
63
2
3
5
2
2
2
2
24
55
25
14
23
10
23
24
4
2
73
6
63
6
5
4
9
17
6
5
4
7
11
1
18
20
137
227
56
67
5
3
4
5
1
14
20
9
6
15
15
2
1
39
60
16
111
25
6
6
36
8
8
27
3
8
5
10
6
63
6
10
18
4
47
6
154
7
4
4
7
5
1
4
6
5
7
5
5
1
9
6
6
15
7
4
1
25
9
10
9
8
5
6
7
4
2
8
2
5
95
10
7
2
11
5
21
5
6
5
7
7
4
4
97
4
12
5
3
94
6
6
4
7
4
14
5
4
6
6
4
2
3
27
9
27
4
12
27
4
7
5
3
7
31
26
5
9
2
7
7
3
8
2
4
2
6
6
5
1
7
1
6
5
4
9
87
4
12
5
24
24
6
9
6
5
64
6
9
5
551
4
5
18
5
2
4
2
4
4
10
8
47
6
2
49
4
4
4
51
6
9
8
12
21
54
53
43
104
7
22
32
365
8
7
10
1
3
3
32
4
4
4
2
25
2
25
10
10
7
8
162
89
20
5
2
14
14
1
7
1
2
2
20
6
35
66
72
138
97
3
5
65
3
6
3
13
4
5
15
7
10
1
7
131
67
5
110
4
2
9
2
6
2
5
2
84
20
50
85
54
356
228
24
49
69
17
25
32
1
7
14
1
5
2
62
4
2
1
2
101
47
122
19
2
82
2
2
14
17
10
26
12
5
7
16
20
110
11
8
16
2
2
2
5
4
5
26
66
36
104
91
22
21
20
52
227
21
41
27
22
12
27
11
7
13
94
14
10
23
13
25
24
4
29
24
19
24
10
9
12
20
82
22
17
28
112
157
46
153
19
88
65
52
4
4
2
51
4
1
6
18
5
17
1
3
17
4
5
2
47
85
26
46
275
197
173
100
68
185
31
80
2
2
20
9
16
16
4
8
4
3
7
4
7
6
18
4
21
26
18
62
32
106
18
39
89
87
12
237
39
32
1
110
6
6
85
55
9
13
122
88
9
6
4
25
36
41
9
17
27
3
9
48
98
19
22
35
6
6
7
6
10
4
49
4
31
21
5
6
4
141
91
4
23
2
153
5
96
23
4
5
4
105
5
5
5
4
3
5
65
30
35
4
19
5
26
24
3
46
49
47
8
9
2
9
2
29
26
41
8
11
5
18
4
18
19
45
6
57
6
51
147
24
32
26
24
19
5
4
6
5
7
2
10
2
39
2
22
19
6
15
5
3
28
6
17
63
24
10
60
9
20
6
6
65
6
68
21
26
20
67
6
9
28
6
26
6
6
6
6
6
5
6
48
12
9
6
5
8
28
4
2
2
5
68
22
24
11
22
6
10
11
94
62
17
23
61
96
5
123
5
15
3
3
2
79
3
2
5
4
3
3
5
1199
4
5
49
2
5
36
2
4
2
2
2
2
2
356
2
3
2
4
4
4
3
6
49
3
21
4
132
80
4
305
5
4
4
11
10
7
7
12
72
5
5
29
27
16
179
2
55
156
28
2
6
2
2
80
63
7
6
5
7
129
1
37
51
132
111
81
75
83
20
172
3
75
106
7
8
11
9
2
4
4
7
4
6
10
10
7
53
74
114
106
4
7
16
103
10
44
108
3
21
5
49
86
78
86
47
112
74
43
190
55
78
213
55
65
9
36
35
183
6
8
7
91
7
6
85
57
112
53
79
77
4
4
61
34
5
80
50
81
89
24
228
3
6
16
6
5
7
4
28
6
2
4
2
73
210
2
4
343
2
4
37
74
99
4
8
81
231
39
101
108
139
43
32
76
9
8
9
6
13
66
7
5
7
48
8
153
38
51
93
51
113
57
142
126
60
8
123
100
22
2
104
39
6
9
82
32
130
24
6
3
10
104
5
6
52
6
5
103
6
6
17
6
17
20
94
70
6
10
100
8
34
4
28
76
55
4
183
6
8
11
46
3
7
2
61
3
4
41
7
9
7
7
5
6
88
26
53
2
44
6
26
94
55
184
18
338
226
15
14
44
37
176
7
8
100
23
52
23
51
21
17
7
79
4
11
8
113
2
9
39
42
8
8
41
46
16
1
33
127
2
78
107
145
117
8
72
2
56
2
33
6
84
105
17
2
7
39
117
107
169
46
3
29
9
3
3
9
9
6
9
3
31
2
10
4
3
6
3
58
9
100
7
132
377
72
49
105
30
7
8
8
4
6
3
11
11
4
5
5
9
3
9
6
383
10
4
8
19
19
13
5
11
4
176
48
15
233
4
4
5
5
4
9
20
24
7
9
366
9
89
5
10
24
3
3
13
12
29
10
12
13
3
110
4
3
3
29
5
11
4
11
101
143
1
4
1
5
137
11
55
4
4
7
1203
14
92
9
7
13
11
252
4
48
38
6
5
7
108
9
6
6
8
8
8
67
31
5
134
51
8
27
2
10
28
12
11
51
50
51
103
50
56
6
11
30
28
81
14
33
11
12
25
19
15
23
5
1208
12
70
10
287
3
3
5
26
7
2
63
4
10
8
7
22
10
4
4
47
5
6
4
5
5
3
4
6
4
3
4
4
4
6
8
18
139
9
227
7
14
21
160
8
288
39
7
21
19
4
7
7
39
48
4
3
5
3
3
5
6
7
3
4
20
4
6
5
126
7
4
61
4
4
4
4
4
5
4
4
23
4
4
4
5
5
5
7
7
5
5
5
5
33
4
4
4
4
4
4
4
5
3
59
1197
48
4
4
4
4
4
4
108
4
88
5
55
6
5
6
5
5
5
8
9
10
12
8
8
10
2
2
7
5
149
8
4
5
6
78
6
2
3
295
12
11
9
5
4
11
9
4
3
4
4
4
2
8
8
12
5
9
58
9
73
4
4
4
4
4
4
92
4
2
4
4
4
4
222
9
4
6
10
8
18
5
4
5
5
5
5
14
14
2
6
52
5
139
45
63
6
74
79
101
47
67
33
68
33
14
14
154
14
14
14
29
130
97
41
140
135
39
5
2
35
24
36
14
4
2
71
62
60
85
26
30
116
85
32
39
34
2
45
38
34
14
14
14
14
14
5
2
30
6
14
18
21
36
58
11
63
61
38
58
193
27
82
76
2
5
4
6
4
52
58
157
68
103
31
38
30
39
37
85
5
26
25
101
44
95
66
92
1
57
86
35
82
98
104
36
4
77
99
130
78
27
52
30
27
22
47
342
2
3
5
330
47
56
57
75
96
25
42
44
61
105
41
5
9
37
4
20
3
37
48
4
2
9
5
5
6
4
30
1
105
1
4
25
5
24
31
31
185
42
100
89
9
5
5
7
32
1
32
69
3
9
19
9
1
2
42
45
3
2
41
136
16
81
72
52
89
74
8
6
9
5
8
6
11
7
9
8
20
117
112
24
10
7
7
2
5
6
9
7
1
6
17
21
6
11
4
2
9
9
4
157
46
123
11
1
1
5
80
1
8
5
6
6
14
10
8
14
2
9
15
15
13
14
35
6
56
4
2
5
5
86
4
8
10
7
3
5
115
4
425
2
2
12
4
13
13
13
20
13
6
3
7
5
4
7
5
6
6
6
2
541
79
13
85
7
10
6
5
2
9
6
28
5
5
1
69
636
10
48
12
15
8
13
12
3
10
8
18
17
7
22
49
8
22
22
9
22
4
5
7
6
4
6
39
8
6
7
5
76
26
87
5
4
5
5
4
2
6
9
4
3
71
43
233
34
27
26
14
12
112
23
15
7
68
5
14
14
14
14
15
8
14
6
14
3
24
62
5
11
43
9
2
4
12
78
103
11
9
8
1
4
4
157
5
4
5
7
7
7
9
10
8
35
24
4
6
2
4
4
4
4
3
4
5
5
4
4
7
8
132
4
4
10
4
4
4
4
5
4
56
5
3
3
3
4
4
5
96
61
24
10
2
7
4
8
81
5
9
92
89
76
59
34
52
4
3
6
2
4
9
5
8
8
3
3
14
5
3
14
3
9
8
1
3
3
66
2
3
2
4
21
98
2
4
13
4
3
2
3
2
5
2
34
3
8
4
3
3
2
9
8
12
2
13
7
47
3
2
100
3
3
2
2
3
45
2
113
3
8
3
30
5
8
89
2
563
3
8
2
3
8
3
202
98
2
25
77
3
68
82
2
82
106
20
163
4
3
5
4
4
4
2
5
21
2
2
5
3
2
8
4
36
3
38
2
8
2
5
8
7
3
8
842
70
52
3
8
4
4
3
2
3
3
4
3
8
93
57
23
87
11
95
46
189
117
47
20
24
84
30
147
6
77
69
156
77
68
4
77
58
76
133
73
138
77
4
4
4
2
3
3
20
5
59
2
2
3
22
29
31
57
22
245
22
72
90
153
48
196
38
46
5
46
95
3
110
4
43
3
3
58
8
7
4
5
5
4
3
10
6
22
38
72
49
95
36
85
67
101
10
109
68
128
38
11
7
7
4
20
7
113
8
9
73
79
42
66
68
67
128
134
125
43
158
113
209
8
91
59
35
59
93
83
40
96
86
114
41
69
79
50
33
2
48
151
31
70
110
59
64
141
72
23
87
181
130
39
112
34
166
3
3
77
52
91
38
63
90
64
70
35
33
63
52
5
11
4
4
13
10
5
10
6
12
9
28
30
30
15
9
99
2
2
29
2
29
30
55
5
23
21
12
23
4
23
6
5
22
5
5
25
78
5
3
59
3
48
6
5
3
59
117
20
38
37
2
2
2
14
1
33
3
19
19
18
4
5
33
24
5
10
4
10
5
8
53
53
4
50
4
3
14
11
5
12
52
2
6
8
4
12
9
10
15
86
14
9
6
14
3
14
49
2
108
13
12
12
4
3
4
3
6
6
3
7
3
3
8
3
26
46
6
7
3
74
3
5
15
6
3
5
3
5
3
42
9
22
8
21
5
4
115
3
5
6
3
12
9
2
9
59
2
4
2
8
3
12
8
2
7
27
13
7
5
12
12
6
12
6
8
9
4
2
57
12
2
3
2
13
2
11
3
6
23
2
2
6
27
2
6
3
3
12
3
4
4
4
120
2
1
6
2
3
2
2
6
9
3
7
10
3
7
2
5
7
9
6
6
6
8
163
2
2
7
2
7
9
108
2
3
5
3
7
82
2
7
26
5
2
12
3
7
7
3
12
163
2
7
12
12
9
4
6
9
9
9
13
11
7
120
12
12
9
2
2
2
9
11
8
2
9
7
10
88
7
68
103
627
111
2
4
6
8
30
31
11
11
8
3
4
4
2
4
3
2
4
52
2
6
1
4
5
4
17
12
154
12
12
51
3
2
169
41
331
247
28
12
13
11
13
7
6
7
10
15
89
238
19
101
87
22
26
56
24
3
30
35
62
20
7
6
5
4
3
96
116
106
44
166
41
35
45
60
61
41
72
22
22
37
26
25
20
87
69
6
111
54
152
53
54
13
88
46
97
21
56
31
43
15
28
29
53
1
6
27
15
3
3
8
2
2
114
50
3
147
6
9
5
9
8
5
5
5
4
57
62
100
7
181
69
22
88
37
38
61
7
34
17
7
62
64
7
4
7
5
10
9
9
3
5
3
107
2
4
3
5
5
12
4
5
3
6
4
3
4
14
4
1252
11
24
5
406
2
3
249
51
4
13
2
49
109
5
25
64
5
27
7
21
78
5
80
63
47
179
109
3
63
58
31
131
58
751
5
18
31
8
8
52
8
66
8
6
7
8
84
100
121
82
15
74
62
13
65
19
4
136
25
15
94
23
4
4
18
4
32
11
47
71
57
38
5
3
6
5
4
4
44
26
33
61
113
46
79
67
185
156
33
117
25
61
16
17
19
10
6
182
8
5
5
8
60
39
59
45
169
72
22
543
50
24
36
64
2
4
5
9
35
137
7
4
4
3
6
8
6
4
44
32
122
99
129
57
42
19
119
28
38
116
129
56
2
9
6
4
10
10
4
137
80
79
31
3
69
54
20
110
195
47
119
165
90
23
25
2
3
46
20
48
34
51
39
42
50
130
60
69
19
20
88
148
55
23
29
28
25
39
193
23
59
214
45
52
59
32
78
61
19
124
62
92
24
148
106
44
57
78
118
80
57
101
36
37
75
149
117
82
137
138
53
38
82
192
199
34
27
29
21
18
4
63
98
129
22
25
1
29
74
86
17
60
209
11
5
3
93
6
11
6
9
7
20
4
48
148
35
12
8
65
8
2
5
16
16
7
11
31
29
95
160
4
7
4
5
3
15
1
33
7
28
37
4
2
78
6
3
5
6
5
3
1
160
15
57
10
7
10
6
20
4
5
12
8
2
194
19
10
93
4
7
5
3
3
2
5
3
6
5
5
3
76
59
11
5
4
4
5
4
5
4
3
2
144
116
6
12
1017
23
115
6
10
6
4
10
19
86
21
13
6
7
62
13
4
3
2
2
2
9
3
5
4
3
4
3
3
7
3
5
2
4
21
14
35
75
8
3
3
2
113
2
8
13
2
6
43
5
5
6
4
5
7
10
7
20
4
4
22
7
4
34
6
5
5
7
2
72
29
79
36
8
52
70
8
3
9
30
10
8
12
8
3
8
4
272
13
8
4
4
3
5
3
2
5
8
7
13
6
17
7
28
8
8
3
6
8
14
8
8
4
4
2
2
2
2
3
10
3
2
7
4
29
2
29
7
3
10
31
28
3
3
3
29
32
30
40
29
8
5
21
33
30
4
4
5
4
10
2
4
4
2
8
5
4
7
3
6
5
2
5
55
6
3
3
3
9
8
138
40
40
130
4
4
2
4
4
2
5
2
3
45
5
5
11
5
40
1
146
73
81
26
9
45
27
126
28
156
21
34
38
73
20
45
9
35
33
100
235
20
9
1
2
98
249
30
9
9
95
9
123
9
6
11
10
337
62
4
76
15
51
11
30
77
21
45
148
26
112
4
43
3
6
3
151
24
5
12
59
66
4
30
6
29
40
82
74
49
10
28
7
4
50
67
5
48
108
61
78
47
78
56
59
85
40
100
48
64
37
86
6
118
5
35
4
15
4
6
8
6
57
26
39
68
66
30
42
51
56
3
7
3
113
25
28
4
4
4
2
2
98
17
3
59
24
96
53
19
86
67
45
312
32
35
116
5
10
2
7
66
2
2
172
9
24
7
5
3
5
5
131
43
80
62
63
59
79
19
24
72
54
172
6
7
3
79
9
75
8
9
42
9
6
64
25
7
42
7
43
9
9
43
42
9
9
43
126
47
111
30
101
101
100
180
107
51
148
65
117
65
90
185
119
59
178
15
30
9
34
2
9
74
98
8
14
6
14
52
6
5
2
6
10
6
6
10
14
29
31
80
115
45
80
134
116
16
37
174
102
183
77
221
94
128
2
33
179
24
7
9
39
7
4
101
7
60
29
54
40
429
166
143
83
154
40
95
55
32
73
66
2
143
5
59
119
91
126
86
48
3
84
61
168
145
67
80
4
4
7
6
137
4
38
208
91
36
126
74
77
152
35
21
45
9
91
5
89
3
4
131
5
3
132
6
5
4
108
66
63
51
23
23
28
24
49
21
2
86
2
1
10
4
2
9
14
5
6
6
5
51
6
8
5
6
7
8
8
7
72
8
3
27
14
121
7
151
46
181
104
61
72
54
48
65
4
14
6
6
4
1
12
4
13
14
9
2
46
8
40
9
60
254
120
59
113
71
124
165
80
9
12
29
13
31
10
13
22
7
14
13
128
28
12
18
38
13
14
342
10
27
12
2
66
47
4
3
133
64
32
68
3
147
49
83
29
192
76
192
23
19
2
8
9
12
9
11
6
8
25
5
1
1
3
14
57
68
5
10
13
22
29
22
12
12
6
58
5
5
4
7
6
7
9
79
5
129
18
13
5
6
5
8
9
3
11
12
3
7
42
8
4
2
5
6
44
4
99
4
6
5
4
30
6
8
8
12
5
48
9
7
26
242
13
19
11
9
52
10
2
61
61
61
11
3
12
21
3
9
1
13
7
5
16
122
69
86
22
24
9
11
152
17
113
2
4
23
8
4
9
24
7
5
26
4
7
26
3
5
8
14
5
2
11
3
8
6
2
5
8
7
15
15
3
11
8
9
8
5
6
9
8
5
4
110
5
60
5
5
51
5
5
5
8
5
8
7
6
11
8
8
5
7
86
13
9
5
20
74
120
7
6
8
9
17
3
4
2
7
11
4
6
2
6
4
11
3
2
3
7
4
2
6
6
13
7
7
6
2
7
16
3
5
3
2
2
4
3
8
5
2
3
3
11
2
12
12
12
5
8
8
144
12
10
13
13
2
6
2
7
1
8
69
229
7
7
10
103
12
12
3
5
3
2
7
8
13
3
4
9
8
6
3
5
39
72
12
3
7
164
5
6
3
6
6
5
9
14
12
4
7
4
5
52
27
12
11
2
3
7
6
6
13
