7
4
4
4
6
6
6
5
26
6
4
5
5
4
4
5
7
5
5
7
6
100
201
203
235
246
198
184
168
161
184
5
8
6
6
6
5
4
4
5
6
3
6
5
5
4
4
5
6
4
4
4
7
5
8
6
6
4
6
6
4
6
6
5
4
5
5
6
7
4
6
236
6
4
5
6
5
114
5
7
4
5
6
6
5
8
6
5
6
5
4
6
31
7
7
166
31
4
4
5
5
357
4
5
6
4
6
5
5
5
6
35
5
6
8
5
7
5
5
4
6
6
5
5
5
4
6
4
4
4
4
5
8
6
5
6
5
7
5
6
5
6
643
6
5
5
4
4
4
5
5
5
5
5
4
6
5
7
8
6
6
5
4
4
5
5
5
6
5
5
4
6
6
5
5
6
7
5
5
5
6
6
5
6
5
4
5
5
4
5
4
5
4
6
5
7
6
5
6
5
6
6
5
5
5
7
7
5
4
6
6
5
4
6
4
5
7
4
6
6
7
4
5
5
7
7
6
4
5
6
5
5
6
5
5
5
4
7
6
7
4
7
4
6
5
4
6
5
7
7
5
5
6
6
4
5
4
4
3
7
5
6
7
6
5
5
5
4
5
7
4
5
4
5
6
8
5
6
5
6
4
4
5
7
5
5
4
7
4
4
7
5
4
5
5
5
5
6
5
5
7
5
6
5
4
4
6
4
4
6
5
4
8
5
6
5
4
6
6
8
5
5
6
6
4
5
5
4
5
5
6
4
4
5
4
5
4
5
5
5
5
5
5
5
5
7
5
8
5
7
37
4
7
4
6
5
7
5
5
4
6
5
5
89
230
5
5
5
4
5
5
6
5
4
7
4
5
5
6
4
6
5
4
6
8
5
4
4
6
5
5
6
4
5
5
4
6
4
5
4
8
5
7
6
6
6
4
5
5
6
5
6
5
6
8
4
6
7
6
4
7
6
6
6
8
4
6
4
4
5
7
5
5
6
5
4
5
5
6
5
5
6
3
5
4
6
5
5
6
4
5
5
6
5
5
6
5
5
4
6
5
5
5
5
5
6
5
5
5
5
5
6
4
5
4
5
6
6
7
5
4
5
6
5
5
4
4
7
6
4
7
4
5
4
7
5
6
4
4
5
5
5
5
5
6
3
6
5
5
4
6
5
6
5
6
7
5
7
6
6
4
6
5
4
6
5
7
5
7
4
7
4
5
4
6
5
4
4
6
5
5
7
6
5
5
4
6
4
6
6
4
4
5
6
6
6
6
7
5
7
4
5
4
4
5
7
5
5
5
6
5
5
6
5
5
5
4
5
6
4
5
5
4
5
6
6
4
4
5
5
5
4
5
5
6
5
5
4
6
3
8
6
6
7
6
6
6
7
5
4
6
7
5
5
5
6
247
226
32
5
6
4
7
6
7
5
5
5
6
6
4
4
6
5
7
5
7
4
4
4
8
105
80
87
12
14
16
5
5
6
5
4
4
5
7
4
5
6
6
5
5
5
5
6
5
5
5
5
5
6
7
5
5
5
4
6
4
6
5
5
4
6
6
6
4
5
8
5
5
6
7
5
5
6
5
6
4
5
6
4
5
5
7
6
5
6
7
5
6
7
6
5
4
6
5
4
6
5
5
5
5
5
5
8
4
5
9
3
4
6
4
6
5
5
4
5
6
6
6
6
8
4
6
4
4
6
5
7
7
5
4
6
6
5
4
5
4
5
4
5
5
5
4
6
6
3
4
6
4
6
4
5
5
6
5
6
6
5
5
6
4
5
6
3
6
4
5
6
6
6
5
5
5
5
5
4
5
3
8
4
4
5
5
6
6
5
4
6
6
5
6
4
6
6
5
5
8
6
6
6
6
4
5
5
6
4
4
5
5
6
6
5
5
6
6
5
7
5
6
5
6
4
7
5
5
6
5
7
7
7
5
5
6
6
5
6
7
5
6
4
5
5
6
4
5
4
5
4
7
5
6
5
5
3
4
6
5
6
6
5
5
5
6
7
6
6
6
5
5
5
4
5
5
7
5
6
5
4
6
6
5
7
6
5
6
6
5
6
6
5
6
6
5
6
6
3
3
4
5
5
4
5
5
6
5
6
5
6
5
6
6
4
4
5
5
6
5
7
6
4
4
6
4
4
4
7
5
5
9
7
6
7
5
5
5
6
5
6
4
7
5
7
5
6
6
5
5
4
7
6
7
4
6
4
5
6
6
4
4
4
5
5
5
5
5
6
5
5
5
5
6
4
4
6
5
4
4
5
5
5
4
7
5
6
5
7
4
5
4
5
5
5
5
6
7
7
5
5
5
6
4
5
5
5
4
5
5
5
6
5
5
