6
6
4
4
65
6
6
6
5
7
7
10
8
10
1
53
2
99
1
118
1
19
14
143
24
141
37
131
25
22
1
27
2
75
4
5
4
5
47
1
52
1
65
4
3
9
4
3
1
291
11
1
1
1
1
1
124
1
94
1
1
12
8
5
4
7
4
1
4
177
46
1
76
8
1
289
6
6
7
5
10
102
3
4
200
1
180
111
8
1
91
5
1
162
1
76
1
111
3
1
107
9
1
311
10
1
50
4
22
57
65
146
6
245
7
199
1
4
5
1
215
6
6
1
11
4
4
7
8
8
9
117
71
9
104
118
68
33
60
6
1
58
6
126
36
148
146
418
4
2
52
3
38
5
4
84
12
394
3
5
4
169
4
8
4
51
181
86
37
2
36
20
166
168
10
52
4
24
8
76
14
23
144
37
7
2
22
20
2
59
9
74
15
86
6
13
73
4
4
33
12
38
7
4
205
41
6
4
8
7
4
4
6
154
48
41
19
37
196
9
78
21
8
27
37
9
191
4
35
173
9
7
19
38
21
8
37
9
48
3
9
23
12
38
14
4
15
4
99
7
64
3
7
179
4
7
84
7
79
8
85
5
4
3
7
6
12
28
4
91
58
95
109
92
97
7
8
25
56
7
7
22
7
7
49
4
5
5
15
9
56
87
4
149
16
96
5
16
40
17
39
9
7
251
7
4
128
6
48
4
7
32
6
22
27
88
3
7
4
15
22
22
35
82
71
18
22
25
5
4
5
43
55
108
43
29
3
6
12
6
20
6
21
1
24
7
278
4
67
12
35
4
19
9
42
39
19
79
34
4
7
4
10
10
10
131
3
102
4
8
49
4
3
73
6
46
10
10
51
10
36
161
2
79
20
19
5
81
69
5
65
6
70
85
4
66
7
7
4
10
10
8
118
5
114
10
49
21
4
8
19
7
44
10
10
10
10
4
50
44
4
15
15
7
4
6
6
4
4
6
89
5
9
6
7
7
7
6
2
2
2
7
56
7
212
5
6
5
6
4
6
10
7
10
10
6
6
8
67
5
28
5
6
245
7
30
7
10
10
10
2
4
6
2
226
7
2
2
9
9
193
109
2
32
4
2
7
16
43
2
4
2
5
44
3
55
7
10
6
10
8
4
10
10
10
10
4
8
4
7
2
8
31
92
8
4
4
29
7
9
6
6
6
4
6
4
2
3
5
11
6
6
4
4
7
5
7
12
2
4
8
8
52
658
10
10
10
1
6
4
10
7
3
7
3
10
10
2
13
2
118
68
12
8
7
354
205
5
6
8
12
9
4
4
2
10
5
3
5
5
10
44
4
12
10
12
8
76
8
6
7
7
10
4
5
4
10
90
153
115
10
55
10
7
28
7
7
10
10
10
6
144
68
9
77
4
4
4
4
2
4
12
2
4
10
5
10
4
10
10
4
2
13
53
24
6
231
6
2
10
10
12
10
24
10
6
99
6
7
10
4
7
7
5
1194
10
10
71
43
11
9
2
23
14
23
15
23
4
31
6
11
6
28
21
13
28
448
73
258
42
1180
6
8
7
5
7
3
13
10
2
8
5
5
7
32
64
6
7
10
8
10
10
2
6
8
4
1
12
4
4
8
4
6
2
4
5
6
9
5
3
9
5
6
12
103
1
2
4
3
178
8
4
7
6
4
10
12
7
4
9
6
4
4
28
5
5
5
5
28
177
4
8
7
4
4
4
8
7
6
6
12
8
3
54
11
4
5
45
5
13
5
101
24
6
48
29
6
9
6
11
5
52
5
5
5
96
1
5
76
48
118
187
8
277
21
47
7
19
95
27
20
37
6
5
79
6
6
40
62
6
11
7
13
72
7
32
140
6
7
10
8
7
3
4
4
8
2
3
24
21
101
94
30
6
23
129
198
2
4
33
5
1
8
6
44
7
9
3
4
4
8
8
72
125
8
8
8
29
5
5
5
5
6
156
7
2
5
5
4
678
15
193
41
9
62
8
2
85
42
9
47
21
133
93
5
2
35
2
16
41
136
64
1
9
2
9
9
114
9
2
2
2
26
169
14
41
1
66
97
1
2
1
1
53
81
56
75
32
29
72
49
67
80
50
4
48
71
6
86
87
52
175
13
60
103
111
98
132
93
63
17
17
15
10
5
5
4
97
31
38
87
153
97
41
101
63
50
3
22
72
69
25
284
58
48
171
32
25
135
40
5
3
117
34
29
3
133
66
4
3
1
5
22
1
3
3
2
4
4
31
34
1
54
20
20
37
20
82
79
1
140
33
20
26
1
91
47
1
1
74
84
79
7
37
1
56
237
1
100
60
6
60
7
1
1
19
115
29
48
69
63
6
156
54
4
1
111
108
21
62
1
49
19
47
99
1
52
22
1
10
3
32
8
92
8
65
7
34
6
5
66
4
6
4
40
48
117
7
73
5
136
7
5
2
2
81
1
127
12
26
6
29
15
13
101
81
2
28
92
4
272
5
18
118
8
4
5
9
190
37
6
89
4
35
8
196
1
5
4
49
9
6
40
36
57
44
85
3
31
76
73
1
76
7
61
32
11
153
7
8
63
68
8
64
6
10
66
16
5
76
5
80
93
24
23
4
34
3
4
218
50
89
4
65
7
4
51
4
142
6
47
108
5
7
97
56
106
87
58
90
207
6
20
7
4
58
6
68
82
5
12
6
4
107
11
61
45
32
21
9
79
9
58
12
813
13
1128
29
4
71
10
169
13
91
9
260
64
5
3
4
29
16
130
47
26
60
59
27
77
7
5
92
86
4
151
3
33
53
2
3
6
214
120
57
3
217
1
81
103
4
10
1
11
129
2
3
4
4
7
1277
105
7
7
16
10
13
186
1
8
68
71
6
92
7
33
6
1278
158
65
10
11
5
8
5
9
7
3
4
1
44
101
52
5
34
34
48
42
43
2
14
34
23
6
71
508
69
106
6
11
20
4
19
151
4
6
6
99
35
31
19
30
19
23
126
270
4
7
2
4
1
65
4
32
83
138
15
6
26
430
115
66
79
49
146
35
1
2
8
7
6
16
6
9
11
7
4
6
6
5
4
4
8
6
5
279
6
4
7
6
36
5
6
3
6
3
206
603
70
5
4
7
4
5
2
5
5
8
4
23
24
6
4
23
34
8
24
6
76
32
4
4
7
2
7
6
23
7
8
11
1
6
6
7
1
5
5
6
114
10
10
10
10
7
7
10
10
37
94
65
26
7
8
12
4
3
5
299
4
16
15
27
97
5
5
5
24
473
13
7
10
6
4
14
10
10
7
19
10
6
2
7
7
7
7
4
13
81
7
6
4
10
10
35
10
14
3
3
102
9
6
5
10
4
8
4
10
15
10
6
10
7
11
5
7
7
11
7
4
7
10
4
67
46
10
15
144
11
50
164
7
5
5
7
4
6
7
9
10
5
5
9
90
100
360
7
6
6
4
9
10
6
10
5
8
5
10
10
7
9
6
4
11
4
9
11
4
8
5
7
6
5
9
10
5
9
9
7
8
8
3
75
2
6
9
6
7
6
166
4
224
9
9
9
510
8
104
7
4
3
4
6
4
7
2
5
4
4
15
10
4
6
6
7
18
465
6
7
6
19
6
18
16
7
5
6
93
6
23
4
21
5
15
7
5
22
19
64
105
28
21
9
7
127
11
6
1
6
3
22
10
18
21
31
8
30
13
8
4
7
10
4
17
13
6
3
9
31
31
4
4
8
7
5
6
7
5
7
6
3
4
3
4
5
4
2
15
5
5
5
5
16
5
7
7
2
45
4
4
13
22
3
128
6
2
20
8
122
15
24
37
4
53
12
9
81
1399
67
9
59
14
65
66
6
3
4
1
5
14
21
6
17
8
6
3
3
1
10
6
1
7
39
10
28
10
4
11
15
4
36
17
7
158
2
114
4
34
14
4
30
17
10
6
12
146
5
2
118
12
1
4
13
81
61
1
50
6
5
12
61
4
11
28
4
69
10
4
2
63
8
66
4
13
4
5
4
12
9
9
76
4
7
67
12
62
64
7
154
130
22
43
21
4
9
3
37
106
104
61
30
66
96
2
20
111
71
98
72
60
26
5
157
10
12
94
4
14
20
2
13
8
10
229
33
13
15
14
103
86
160
17
15
37
109
21
125
69
1
124
32
55
128
59
15
9
45
8
184
9
3
323
4
6
82
47
55
18
12
60
106
6
68
4
50
258
39
186
45
5
23
3
9
1
32
3
12
3
5
7
66
36
67
53
156
12
28
21
9
24
11
4
49
4
5
3
81
4
48
6
35
17
53
4
33
6
7
149
7
109
27
58
10
56
16
5
14
147
1
1
112
6
1
1
2
1
1
56
9
9
84
9
103
89
17
15
17
20
47
6
7
7
31
71
77
79
23
37
16
14
17
3
55
12
33
12
16
3
5
2
6
4
4
9
3
6
1
8
8
7
6
29
16
7
6
235
4
4
8
172
12
2
8
5
12
7
4
4
6
6
109
5
3
3
30
4
8
101
5
7
30
3
28
5
66
108
3
4
3
9
7
11
10
4
7
73
28
4
4
2
2
5
11
10
6
2
13
3
125
4
6
5
5
3
42
14
1
12
12
1
134
145
69
7
3
5
100
22
4
21
6
1
8
2
6
3
4
2
79
91
27
2
2
5
20
4
62
2
3
2
3
1
2
4
2
7
3
3
4
4
122
2
5
2
2
6
9
70
4
5
11
193
2
4
20
6
4
3
20
4
3
5
3
20
20
21
11
21
8
50
17
9
1
3
6
1
4
3
6
3
2
7
7
5
6
8
4
7
7
120
29
3
58
22
98
4
3
3
5
6
5
84
4
3
3
2
4
4
4
4
5
8
4
4
5
3
22
6
14
7
4
7
3
5
31
30
4
9
1
5
6
9
11
4
10
8
4
7
9
6
4
2
3
5
6
4
11
36
5
5
5
6
4
137
15
486
12
13
1
13
4
14
22
9
69
43
23
22
14
7
23
23
8
6
4
4
5
8
5
71
7
4
48
54
67
176
38
54
3
7
10
6
1170
3
4
10
12
9
845
2
4
2
4
5
4
173
4
2
226
7
24
3
4
3
6
7
4
4
6
4
6
3
4
4
1
5
5
4
7
4
7
7
94
119
1
95
1
1
114
1
1
154
97
5
6
6
4
6
15
4
6
5
4
6
129
14
6
1
68
5
5
19
10
12
9
7
16
11
12
104
6
8
7
7
6
7
7
4
7
45
7
48
8
92
6
8
17
7
8
138
4
7
295
7
3
308
7
3
7
2
49
6
2
57
29
4
372
5
29
4
91
5
8
4
6
4
4
13
61
4
4
12
8
6
9
4
7
5
4
5
4
10
6
6
149
41
4
1
130
62
6
7
588
7
4
43
4
5
7
9
206
6
5
4
34
49
9
4
5
75
4
4
58
3
4
6
36
10
4
7
5
6
5
5
3
6
4
16
4
5
31
5
29
18
8
41
72
4
3
4
5
4
9
4
105
8
7
8
90
1
7
9
45
7
8
46
7
7
11
4
7
12
50
11
4
4
9
7
7
88
9
8
5
142
57
36
11
57
6
43
84
33
60
68
1
31
4
5
2
57
2
13
24
5
4
4
18
4
4
1
53
4
63
13
9
157
23
3
13
6
17
2
12
5
210
5
9
3
4
53
13
72
7
5
4
3
159
1
6
7
54
3
7
9
54
6
7
13
1
70
7
4
145
17
11
6
36
6
5
4
6
9
100
5
6
6
8
103
82
51
6
5
208
5
5
119
4
75
5
14
4
93
50
4
8
60
5
6
8
4
52
4
140
6
5
5
6
5
10
44
104
210
30
135
64
31
3
86
47
71
59
6
161
2
80
13
23
4
3
68
2
81
4
2
16
2
109
2
4
3
4
2
4
2
5
62
15
20
76
44
57
5
34
3
42
63
28
19
87
5
8
28
8
5
5
62
20
8
32
8
21
7
7
89
4
4
6
6
4
4
23
344
33
3
26
8
12
59
5
58
6
43
6
6
5
36
21
35
8
27
6
14
101
6
18
7
11
6
12
7
48
4
63
58
76
30
46
6
17
5
31
54
36
5
2
45
3
7
2
10
9
12
17
1
1
6
2
1
57
41
4
10
8
12
8
8
12
8
90
6
130
233
6
223
5
16
18
6
37
8
107
35
88
3
3
2
4
57
4
4
1254
5
42
15
4
47
3
3
347
6
12
3
6
4
72
4
7
4
6
3
2
141
1
2
70
8
4
5
396
65
3
51
8
11
7
3
2
7
57
249
55
429
365
3
7
5
2
4
89
4
4
163
52
30
174
63
46
41
52
5
9
10
118
40
8
39
4
361
7
8
6
5
18
95
60
102
4
72
2
4
4
7
5
3
9
79
3
2
2
2
81
74
2
27
8
178
3
5
102
6
4
55
106
4
3
2
69
55
4
8
2
40
9
4
35
8
28
327
37
9
67
62
8
61
42
54
4
43
7
61
7
281
65
41
6
5
143
98
25
8
28
5
7
35
2
74
213
2
65
3
273
413
76
6
3
1
142
3
2
78
5
1
15
138
3
195
93
3
2
25
140
3
76
4
42
8
8
77
58
8
24
3
81
4
3
73
7
3
140
3
7
2
73
101
4
4
27
3
44
2
6
2
33
116
19
3
7
58
1
52
9
55
70
6
90
144
32
102
83
93
78
32
144
4
161
47
136
31
79
8
7
13
9
8
161
94
152
72
64
82
62
73
55
95
204
128
9
6
33
9
3
4
6
9
5
13
334
6
235
9
6
5
13
6
13
9
4
46
259
35
42
200
52
108
55
67
49
55
5
19
4
2
19
7
5
7
19
8
8
2
19
2
9
11
21
3
71
2
128
9
82
8
11
2
77
295
132
11
93
55
136
127
68
78
79
136
39
95
38
105
30
192
3
105
43
109
64
38
2
4
2
6
10
2
3
2
7
7
1
4
45
1
160
6
1
92
10
8
7
6
3
3
2
6
6
6
9
2
4
2
2
5
699
6
101
8
4
6
6
7
7
5
5
7
8
3
3
23
6
11
8
229
6
5
59
208
8
48
113
19
3
121
173
5
23
24
23
23
22
3
4
5
4
184
7
85
5
7
12
1257
79
6
1
21
4
5
334
4
1
6
8
9
2
15
17
5
4
7
4
3
9
143
4
4
4
3
4
3
2
2
71
11
5
7
7
2
7
4
13
5
31
8
5
4
6
8
63
5
4
127
10
5
4
10
6
213
6
11
10
8
10
7
7
6
4
10
10
7
13
20
35
5
75
3
44
73
12
34
35
34
36
3
7
3
10
10
5
4
10
6
11
5
10
4
10
12
2
4
7
6
6
10
5
27
4
5
25
3
42
43
1246
99
337
2
10
6
6
6
6
10
10
102
6
2
5
10
8
10
5
9
7
6
5
10
7
6
7
6
6
10
6
10
3
8
8
2
4
5
36
6
10
6
5
7
7
10
4
10
7
6
5
4
7
7
7
7
3
10
6
7
3
1
8
224
7
314
24
14
215
323
41
6
4
3
7
9
13
7
7
4
19
9
7
4
11
10
10
7
6
2
6
9
12
9
9
5
23
20
34
74
7
6
5
9
7
4
8
10
4
10
3
11
7
6
4
10
3
5
10
7
4
7
4
7
3
10
3
9
31
6
10
4
3
4
4
4
4
4
3
2
2
2
3
2
154
2
3
2
43
3
2
4
3
2
4
2
2
3
3
3
57
44
153
2
4
3
2
2
4
2
6
1225
2
6
2
4
2
35
3
3
3
2
4
3
2
1
3
2
2
114
95
111
3
7
10
4
3
7
7
3
6
3
4
2
10
2
10
1012
2
10
10
4
167
2
4
38
4
3
3
4
3
5
5
393
8
2
18
4
10
2
6
2
4
4
2
6
2
7
10
7
3
2
7
2
2
10
86
2
8
10
3
10
4
10
4
2
10
63
50
2
4
242
4
6
5
4
2
4
4
2
2
2
6
4
3
6
3
4
2
6
71
11
70
40
52
87
77
86
300
116
1
54
38
86
219
90
69
87
38
37
61
34
60
18
67
52
57
95
135
56
74
120
43
108
46
3
216
34
49
76
32
108
167
21
11
51
64
93
61
37
127
41
52
93
24
118
39
105
146
88
55
119
134
30
31
76
89
163
93
10
147
45
56
5
51
250
90
13
112
2
87
3
2
55
5
75
4
94
82
4
95
115
4
114
4
66
3
2
48
2
40
81
257
2
2
31
61
6
397
100
86
169
335
53
156
65
70
82
69
18
117
57
8
155
9
326
54
61
18
6
8
4
6
7
8
7
13
4
7
4
10
3
10
15
5
4
7
10
7
4
2
7
6
2
123
6
87
204
123
80
58
35
6
157
15
56
71
29
48
38
10
5
4
114
10
10
10
21
36
10
6
3
4
7
10
6
5
4
6
11
7
5
7
6
7
6
10
62
7
29
6
17
7
28
32
89
7
29
12
15
2
141
10
21
10
22
10
10
7
4
9
7
3
6
18
17
7
5
5
7
7
10
10
11
11
3
10
10
5
7
10
6
7
9
9
10
5
10
6
5
14
7
7
10
171
10
114
107
4
4
10
10
10
10
42
8
7
6
40
1
10
2
7
10
10
10
10
10
10
6
16
34
6
4
119
174
444
4
2
1
4
3
8
884
127
13
71
7
19
11
14
5
5
11
4
13
10
10
10
10
7
10
10
10
10
6
4
2
6
4
2
6
4
7
4
5
3
7
1
4
3
7
3
7
2
7
8
4
5
10
6
2
7
2
133
308
58
4
11
16
2
20
6
5
8
8
6
6
10
13
16
19
12
45
7
8
25
26
10
4
35
4
7
8
6
12
7
7
13
27
40
1
15
89
19
4
10
14
7
20
7
3
10
2
3
7
10
7
10
89
3
6
3
6
3
7
3
7
10
41
10
10
10
10
305
59
58
3
10
3
10
1
10
10
6
10
6
3
7
8
7
2
6
9
6
6
7
7
6
7
7
5
30
33
12
3
55
87
6
10
91
250
7
10
8
5
10
10
4
11
6
8
10
8
7
6
10
7
7
6
11
10
22
6
6
6
2
11
72
212
1
10
3
10
10
7
10
4
22
10
3
13
10
3
10
14
7
7
11
10
4
10
6
7
10
7
7
7
10
10
64
7
10
1
5
1
1
3
1
6
14
6
5
10
1
6
6
1
4
1
4
6
4
10
10
10
10
7
6
119
10
7
74
111
128
10
6
10
11
7
11
10
36
10
10
35
50
7
23
10
7
7
45
6
4
5
1
4
1
8
2
5
5
3
4
57
4
4
4
65
10
118
89
1
6
81
2
62
10
8
10
6
11
10
10
3
10
6
4
6
7
6
7
117
5
31
49
65
10
6
10
6
6
10
6
10
10
15
68
7
6
6
10
7
145
26
80
4
97
6
62
7
4
708
153
10
2
74
7
50
43
10
124
6
29
124
5
74
6
7
32
7
4
6
10
10
6
128
10
25
7
10
5
836
10
110
10
183
9
6
7
15
7
53
163
77
4
95
10
12
76
21
119
39
145
118
226
283
3
33
8
5
3
7
5
192
43
51
29
115
45
59
76
7
98
94
33
53
75
115
34
34
34
7
34
35
52
69
135
70
71
131
19
45
177
101
31
333
90
332
33
68
141
100
30
49
9
68
27
191
42
55
68
72
65
38
35
134
136
47
232
101
62
39
172
47
42
45
91
60
66
166
100
205
177
157
51
64
101
50
36
36
155
143
41
23
35
60
49
43
154
51
10
6
166
30
60
10
26
10
35
10
25
7
64
7
153
221
10
64
10
21
157
182
2
20
10
49
48
5
44
6
50
6
32
75
37
5
81
7
44
6
15
47
7
56
5
20
1
98
2
5
5
17
6
7
5
7
7
8
19
9
17
5
3
2
19
11
2
6
2
4
7
74
10
7
4
6
8
4
10
21
6
4
10
15
19
10
7
8
10
7
10
7
12
54
7
75
20
57
65
66
40
10
5
40
3
10
2
21
6
10
4
3
10
36
10
10
37
5
117
4
22
22
4
2
5
23
21
20
4
2
23
19
3
23
27
2
27
3
24
56
24
7
14
5
3
22
12
21
25
22
13
13
7
5
10
10
10
10
10
27
19
2
18
20
100
73
4
10
2
25
5
25
8
27
6
103
7
6
3
7
7
14
62
41
8
3
7
10
86
3
10
10
9
6
3
4
4
4
6
10
10
8
10
11
34
8
2
6
4
2
2
6
5
6
10
7
206
6
7
7
5
129
2
2
45
2
5
71
4
2
2
14
2
58
14
121
5
38
14
4
3
5
5
4
3
5
5
173
2
3
14
3
338
4
6
15
57
3
111
3
103
4
3
3
2
2
4
3
3
2
8
6
4
6
163
7
7
12
10
10
8
3
4
41
118
6
5
1
7
7
597
11
97
10
5
5
12
5
8
26
6
27
8
9
2
4
6
6
2
5
5
4
79
44
26
82
12
8
136
186
5
3
12
4
67
7
239
271
5
6
6
6
29
5
28
13
14
14
14
42
8
4
7
8
6
5
5
26
69
6
5
14
4
6
8
8
5
2
5
6
3
2
2
1
7
9
8
3
9
9
12
7
97
67
40
70
40
46
51
19
3
28
81
44
88
9
6
9
24
5
158
30
154
19
99
51
19
21
41
25
2
4
3
5
5
54
4
2
4
4
12
2
4
77
28
103
21
22
18
4
46
18
5
13
77
32
61
15
35
21
61
51
114
15
57
56
50
32
8
27
24
18
36
51
79
9
6
85
59
4
8
9
12
68
96
24
59
56
38
7
4
107
7
52
4
25
7
61
21
107
93
1
10
4
10
41
4
2
10
10
10
4
10
26
4
26
33
45
4
4
42
3
50
3
7
127
6
8
26
169
12
85
25
11
35
104
53
85
49
32
34
33
49
32
17
19
82
54
55
18
1282
92
5
3
65
69
4
18
46
189
27
147
11
27
79
61
57
35
2
83
184
12
11
117
4
2
118
11
111
90
34
223
77
77
6
3
33
81
65
122
47
5
112
95
157
272
48
106
71
197
149
184
70
86
32
143
81
93
3
87
3
3
604
161
84
88
106
1
6
6
3
25
110
7
3
3
4
31
29
8
2
64
37
93
58
66
31
139
37
5
5
42
123
7
117
9
110
5
154
9
5
8
123
8
56
7
153
7
78
4
59
84
230
9
61
3
63
9
47
134
3
77
3
76
5
40
50
202
94
25
50
56
83
114
30
39
93
25
100
44
85
24
24
41
41
36
102
33
58
324
50
133
23
94
32
82
64
46
128
106
133
81
59
48
56
42
174
45
97
21
38
15
68
106
140
80
27
113
90
130
60
66
33
141
49
15
105
9
1
71
68
68
53
50
4
28
33
72
73
68
67
10
59
19
5
4
3
8
6
49
7
6
9
4
5
8
7
6
5
31
7
48
4
10
3
4
33
7
7
6
5
66
4
3
4
3
5
7
2
3
9
3
3
1
8
3
7
3
3
6
3
5
10
66
3
8
219
263
55
24
3
7
5
6
11
9
10
11
3
2
10
5
6
8
4
7
6
4
13
7
13
13
2
12
36
12
39
9
215
2
8
4
7
6
3
6
6
3
9
6
7
4
155
12
5
53
7
53
7
21
3
3
235
1
5
2
5
8
2
2
186
6
3
8
10
8
5
13
6
10
5
11
1
9
8
4
11
98
10
6
6
4
9
156
4
6
4
8
5
2
8
6
6
8
4
6
5
6
6
7
4
138
134
1
6
33
7
34
1040
3
5
5
7
131
5
6
292
5
5
5
5
5
89
14
7
19
9
5
18
5
10
5
5
77
20
5
12
1
15
13
5
14
4
1
3
7
3
5
5
13
3
7
3
5
2
2
2
6
1
40
61
18
5
6
7
4
113
179
19
52
2
4
6
26
21
5
7
6
9
6
5
144
5
8
55
8
10
3
55
90
58
30
205
2
9
17
2
2
2
2
2
2
2
2
2
2
2
12
4
3
3
7
7
3
5
5
4
7
7
3
5
11
40
2
13
10
28
34
29
8
29
44
29
9
28
5
71
4
29
28
4
17
5
3
69
6
6
6
2
6
6
5
3
8
130
3
37
54
94
50
5
7
5
4
6
57
4
6
6
3
7
7
4
5
6
6
144
8
73
91
9
5
5
12
10
9
41
2
11
2
2
1
33
60
4
64
48
24
394
48
60
21
141
37
30
5
360
3
244
30
4
13
10
5
10
3
122
274
34
13
40
15
7
35
6
13
15
125
122
213
40
64
3
8
54
10
97
77
2
128
3
80
10
39
3
64
6
3
11
107
66
131
8
40
103
97
2
14
57
82
91
45
5
23
72
8
11
69
7
19
6
85
6
52
66
53
92
147
4
4
2
73
12
78
4
45
36
45
108
4
77
10
19
4
4
27
57
42
51
21
4
84
41
3
66
80
57
5
44
6
6
8
159
5
195
7
58
47
9
2
76
5
2
78
91
80
86
21
44
47
14
129
7
84
131
10
182
4
55
6
9
42
6
91
154
6
8
8
11
4
11
72
18
111
9
87
7
99
14
5
35
11
8
32
5
24
73
20
21
20
48
6
96
12
77
6
80
101
10
31
32
86
20
87
13
31
20
128
93
99
4
68
14
4
16
12
65
2
147
13
2
59
4
66
5
58
4
53
6
9
166
6
83
100
4
97
126
101
5
102
9
76
85
138
79
141
5
144
3
51
13
56
34
6
11
64
6
6
119
4
5
125
5
31
7
78
18
34
7
30
45
104
25
137
151
8
202
85
10
35
9
47
44
10
38
11
212
110
4
2
17
55
108
11
2
50
58
8
14
175
65
148
95
220
57
139
8
160
155
119
87
245
24
5
137
1
6
4
100
82
45
99
70
105
12
50
69
70
66
6
21
68
2
2
46
5
5
7
55
6
119
177
80
1
43
56
2
37
83
4
165
2
85
77
42
108
86
8
157
9
148
7
28
5
53
89
56
156
71
66
2
65
20
80
22
3
55
93
99
96
8
4
31
10
27
21
1
10
145
12
47
5
69
8
19
61
14
16
8
2
7
174
39
60
121
68
8
6
4
190
5
32
9
10
217
4
92
6
277
12
2
44
7
5
6
209
73
290
31
106
165
123
89
81
74
260
9
92
3
4
2
50
7
201
2
48
7
3
87
88
6
8
6
10
4
4
6
6
1
2
110
4
395
3
4
4
102
6
3
4
38
2
17
4
5
59
24
6
7
7
31
100
2
6
42
11
3
5
4
3
16
17
5
4
5
1
3
131
5
16
4
4
6
6
4
6
7
6
6
6
3
5
3
5
5
5
6
7
6
59
5
8
8
15
76
80
6
7
4
6
5
3
3
12
7
7
6
61
8
6
7
8
14
2
3
21
254
6
6
4
8
6
10
6
5
1
6
6
5
4
5
4
3
3
2
65
5
16
16
4
16
124
5
4
26
6
15
7
4
77
5
2
7
138
30
92
3
5
5
6
4
3
3
4
5
3
4
6
4
4
3
5
4
4
9
5
4
4
3
158
53
4
31
5
11
6
2
128
1
5
59
13
139
4
4
5
9
16
6
34
5
8
6
5
6
27
132
104
3
8
6
10
11
141
8
10
10
190
2
5
6
3
6
27
11
11
63
4
11
190
41
42
20
3
3
6
4
4
4
5
6
6
8
