5
6
6
124
43
52
105
63
69
99
82
20
4
59
6
4
36
44
5
11
10
11
10
141
64
45
7
5
182
5
6
7
9
5
4
4
41
84
47
32
130
18
60
40
5
18
92
41
81
52
31
9
61
21
8
66
115
166
24
90
19
86
22
23
30
104
63
154
47
27
45
26
6
112
26
96
19
113
84
29
43
19
87
51
80
16
15
3
157
5
3
7
3
3
89
5
6
41
38
39
78
18
58
3
63
88
63
25
21
41
40
7
8
4
9
12
7
4
3
8
9
1
61
79
31
28
16
27
6
144
45
68
41
199
25
3
9
35
6
5
2
24
8
4
34
2
4
60
33
52
105
30
37
74
26
25
73
27
48
4
4
4
9
4
6
6
5
18
194
24
19
54
24
65
56
32
22
50
93
42
4
4
42
65
127
7
8
8
8
4
12
23
5
8
5
24
25
22
39
94
18
82
97
78
41
22
34
1
1
1
6
9
7
8
4
6
1
8
10
2
11
32
38
84
1
10
3
6
2
6
2
56
2
10
8
5
124
6
2
8
2
4
18
142
31
5
8
10
163
124
14
6
2
13
13
4
40
39
55
35
8
6
6
1
6
5
8
6
6
52
34
4
8
3
2
2
2
20
5
100
50
277
6
6
3
6
130
5
32
95
48
153
99
2
34
66
14
48
15
6
3
2
5
5
6
6
61
12
3
19
8
13
10
21
9
7
11
258
57
758
69
4
3
8
48
10
6
5
16
26
3
208
5
126
35
47
49
86
33
49
38
10
29
207
103
5
6
5
3
8
7
6
41
9
4
19
62
25
56
3
3
4
49
5
2
4
5
23
28
46
4
4
3
6
6
4
4
4
4
6
74
10
37
1
47
87
50
129
43
15
539
4
166
24
34
172
50
58
20
59
44
28
47
179
48
6
99
2
5
26
2
438
21
779
2
49
64
19
28
76
24
52
24
41
21
38
83
106
59
12
5
67
36
20
221
24
31
62
46
40
45
19
92
22
21
20
35
300
48
78
134
52
48
67
69
51
34
80
172
75
2
17
123
62
39
3
49
104
182
11
128
31
65
72
67
113
6
11
78
59
7
55
273
134
173
40
248
59
52
3
36
7
3
18
10
118
9
80
18
91
25
88
5
35
30
55
58
229
95
59
24
153
4
2
3
77
4
12
100
20
19
188
47
19
20
19
20
26
19
38
19
19
15
19
18
7
5
41
6
5
7
3
6
826
103
19
35
90
99
38
73
59
42
141
46
369
1
158
32
1
29
8
11
9
16
26
12
5
155
862
9
16
16
6
9
9
1
6
4
5
5
81
7
2
7
12
112
214
88
39
121
4
8
12
15
910
64
7
16
6
5
30
27
13
38
24
19
78
4
69
5
10
12
5
12
5
3
13
11
4
3
4
2
25
8
5
45
110
43
85
5
37
198
19
10
5
4
1
8
7
1
65
80
33
10
12
9
3
13
13
11
12
191
19
19
20
4
8
7
2
26
24
5
11
22
4
28
1
85
26
3
15
6
15
27
15
413
50
4
17
17
4
4
2
30
54
3
24
25
3
15
12
3
22
23
23
10
25
26
23
61
5
15
43
61
45
27
5
199
59
11
8
13
8
19
6
4
12
4
3
14
17
17
4
578
13
14
9
30
3
5
81
5
9
7
3
9
7
6
1
2
7
8
4
43
21
79
7
4
6
15
4
5
7
6
20
14
6
7
5
5
153
1
40
241
84
6
9
12
7
7
9
1
16
14
21
9
3
9
46
60
196
224
6
61
225
6
5
7
3
4
110
412
82
8
7
28
6
50
2
7
118
8
5
9
11
7
8
7
6
5
6
11
1
2
6
21
10
66
22
125
22
56
51
68
900
30
38
23
21
2
3
2
9
42
37
120
54
55
25
30
110
114
18
3
5
77
27
21
1
68
71
38
26
7
28
3
7
4
13
168
22
104
52
5
137
47
28
2
57
105
27
57
40
65
76
56
79
135
62
93
66
185
831
44
195
108
7
59
41
113
17
23
50
1
77
50
244
63
1
1
1
1
1
26
40
38
39
99
55
8
10
39
11
139
6
30
6
8
67
75
43
51
28
22
23
27
66
21
27
35
21
24
24
15
12
22
1
1
1
1
1
1
113
120
1
1
1
1
1
45
1
21
1
1
1
1
1
1
1
31
1
1
1
1
1
9
2
31
232
35
85
3
57
1
1
1
1
75
5
9
5
5
5
92
16
6
13
7
9
5
10
17
8
9
13
19
43
6
3
24
4
7
4
5
5
2
6
3
7
1
25
24
1
3
4
6
4
3
3
4
3
25
24
2
6
2
12
90
117
48
72
4
2
4
17
4
6
42
2
42
5
42
4
42
3
3
42
56
75
24
27
11
1
118
8
8
8
5
29
32
7
30
7
22
7
5
32
4
132
8
10
11
30
29
22
1
8
1
4
4
6
14
38
23
4
8
5
4
6
34
8
2
17
4
6
8
4
22
10
8
19
8
20
10
30
32
8
3
5
12
7
8
12
6
17
58
1
10
5
33
10
9
13
5
1
3
7
4
96
15
4
6
13
8
8
11
87
3
5
3
9
18
3
3
4
2
754
5
3
5
5
4
7
4
17
4
16
2
2
4
2
2
25
27
64
8
9
3
7
11
9
20
7
14
7
20
6
3
4
3
3
15
6
8
7
4
34
30
6
429
7
18
5
8
9
2
6
4
12
8
5
5
17
34
5
17
39
11
11
12
5
1
1
63
3
6
4
9
15
56
39
89
7
4
8
7
22
7
9
2
14
15
19
99
514
6
8
7
4
7
11
1
10
5
1
9
11
6
23
23
22
23
6
2
125
96
17
14
16
15
4
4
2
2
15
7
29
82
41
56
66
22
81
21
25
47
8
22
3
6
21
7
114
59
106
1
1
1
1
62
239
41
3
1
1
1
5
32
7
161
30
59
104
89
5
106
37
75
4
85
105
42
46
175
106
37
35
49
157
8
10
4
94
80
76
33
1
5
5
8
53
3
6
1
95
1
60
20
7
69
69
3
11
13
11
8
33
15
127
4
2
2
7
27
5
10
2
4
3
20
13
4
46
4
17
15
6
13
5
3
20
2
20
3
20
31
27
1
6
25
84
125
35
59
2
15
857
44
28
158
15
133
55
113
4
5
2
5
2
8
4
2
5
4
6
3
8
1
5
60
5
3
6
12
34
34
6
5
43
6
4
172
2
2
3
2
6
2
3
4
2
2
3
11
4
81
2
2
7
52
5
8
2
118
15
16
37
146
107
87
113
11
212
118
112
145
134
81
45
6
15
15
9
19
8
10
77
78
7
41
14
61
16
6
3
58
2
14
22
5
4
7
7
4
75
2
13
159
49
26
99
163
68
196
50
139
113
160
98
68
2
5
18
2
13
81
2
13
3
2
3
2
14
5
5
4
4
61
4
2
19
88
64
131
44
40
162
8
93
33
100
136
197
212
10
125
16
2
4
2
5
8
2
5
3
3
2
79
174
8
4
6
308
4
5
4
65
60
88
1
144
104
77
98
60
143
139
22
104
84
2
2
4
2
2
6
2
6
6
4
41
3
8
3
2
2
2
5
5
10
149
54
154
58
131
38
9
88
53
114
31
2
42
87
71
97
3
8
52
2
14
34
50
7
4
45
7
38
7
7
61
4
5
6
118
24
6
58
85
104
80
62
115
6
9
6
25
8
4
191
18
7
6
26
7
7
7
7
46
23
165
4
91
6
58
74
54
70
22
240
59
22
6
21
18
17
30
59
10
81
3
57
58
4
2
6
32
5
2
2
43
11
4
88
99
37
334
38
3
36
63
268
69
113
119
71
58
110
27
35
82
3
77
45
90
21
72
24
27
4
5
9
5
63
8
48
5
4
4
108
31
40
30
83
26
80
84
4
33
18
3
3
2
5
7
7
4
3
32
4
8
4
17
25
25
22
16
21
16
52
37
158
5
4
4
4
2
4
1
4
2
48
9
2
41
4
4
6
18
4
8
8
109
10
1
7
7
6
91
296
2
6
7
95
5
35
868
66
985
195
38
2
123
78
32
44
56
69
31
52
55
11
846
190
4
208
8
9
6
8
3
33
4
12
21
3
4
8
3
10
1
116
189
4
9
3
105
5
8
218
43
9
12
10
8
8
6
17
39
7
7
10
61
2
4
116
66
2
2
5
2
3
4
4
2
2
4
4
5
34
4
3
5
7
3
3
13
3
5
2
4
2
3
4
5
2
23
4
12
1
2
4
844
7
19
2
5
4
2
5
4
4
26
3
3
4
4
2
8
2
3
8
21
5
14
1
7
9
9
69
7
71
73
3
108
17
202
1
64
2
4
59
4
5
2
2
4
4
41
34
3
4
3
209
2
5
3
2
2
2
5
4
3
2
11
10
5
14
5
9
9
5
85
49
101
100
14
83
26
90
28
107
30
31
120
14
110
9
10
31
5
81
12
7
14
15
10
82
92
50
5
62
8
35
6
12
13
24
13
24
7
13
13
13
45
54
5
68
10
123
47
12
25
154
292
50
62
123
55
56
105
2
2
59
2
2
23
21
35
97
18
217
36
15
292
38
121
77
149
7
6
17
7
3
5
6
15
22
87
25
42
53
71
89
36
76
59
28
43
12
4
10
7
17
6
4
10
7
4
5
24
8
61
51
63
132
126
36
62
24
43
37
96
78
4
15
6
4
3
8
4
8
117
4
5
117
4
13
4
11
5
4
4
72
145
199
58
139
27
39
65
42
58
250
29
10
32
16
7
54
21
19
4
38
8
8
5
52
7
11
8
38
61
71
82
8
45
73
82
36
74
115
14
100
47
103
79
4
7
5
97
85
6
7
110
15
97
84
5
26
72
196
4
6
55
184
66
23
90
64
5
6
81
8
153
65
262
26
137
49
11
6
4
4
6
4
6
6
49
79
106
6
17
7
16
1
7
12
4
12
12
35
13
8
7
4
8
9
5
14
15
15
8
149
20
84
1
2
3
4
3
6
4
4
2
12
4
2
45
5
4
11
8
9
9
2
8
7
10
128
6
11
2
7
8
8
6
65
5
4
7
7
9
9
5
116
4
5
275
1
9
7
7
7
22
8
458
2
62
7
45
4
2
4
5
4
8
6
4
81
3
289
22
21
28
8
5
2
40
5
7
44
7
7
4
19
7
9
17
4
18
18
79
12
12
2
2
4
3
2
3
5
5
7
7
9
12
7
70
30
247
4
5
3
2
2
54
47
2
9
7
2
6
2
3
14
14
4
7
13
2
1
31
23
48
52
2
2
2
2
2
5
82
7
92
2
8
4
49
215
6
6
35
5
6
7
7
7
1
8
6
15
9
5
1
6
12
7
11
11
4
12
10
7
13
23
79
41
8
12
16
14
6
13
27
11
102
19
14
3
19
3
46
20
39
10
6
15
7
17
15
10
4
25
12
3
24
2
24
1
2
1
2
58
53
48
49
40
172
6
9
13
21
37
46
13
3
4
49
4
5
20
7
35
17
101
3
2
4
46
5
6
33
35
134
114
441
47
133
59
214
91
66
78
37
98
4
4
5
4
5
16
4
7
50
60
566
44
62
15
9
14
8
7
14
4
5
8
4
4
8
7
13
4
7
4
14
7
63
77
222
5
1
63
3
49
302
48
157
52
110
11
166
22
1
98
8
3
9
6
104
23
24
67
82
3
408
156
73
62
173
26
66
2
9
4
7
7
65
88
59
48
80
114
39
57
58
88
44
150
382
30
8
77
60
98
16
8
8
60
4
4
69
79
56
47
22
89
39
44
1
88
82
70
63
113
1
38
1
38
5
50
2
32
37
59
27
155
380
43
58
48
47
91
99
40
175
5
8
3
6
3
3
2
6
2
6
2
8
6
5
7
4
5
41
24
34
46
117
53
10
80
77
101
40
66
194
123
30
157
45
6
132
11
11
32
3
47
2
80
6
12
9
12
103
221
37
94
92
32
158
101
78
60
85
2
4
4
3
6
263
9
187
7
2
4
10
7
41
63
51
4
49
124
132
3
122
292
10
6
6
7
6
5
62
4
42
4
6
6
6
4
10
41
34
30
34
30
9
34
27
11
29
34
4
39
4
6
6
39
5
11
5
7
9
60
12
11
11
6
4
7
5
4
5
94
5
15
5
19
5
4
15
11
19
5
12
19
3
3
1
10
11
17
9
2
8
2
8
2
11
11
2
8
8
81
12
3
2
2
8
51
12
91
12
9
7
6
2
2
8
9
10
8
2
14
10
2
2
5
43
43
17
15
16
44
2
18
5
2
2
2
5
2
2
7
2
13
2
27
26
1
5
4
130
9
7
61
6
7
7
11
2
9
67
10
5
4
6
7
37
7
113
7
5
4
5
19
7
11
4
126
21
5
20
21
13
154
42
9
4
9
7
85
9
1
124
3
9
3
8
7
8
8
7
8
9
7
7
83
7
83
432
56
34
87
46
220
22
167
198
30
22
5
5
4
15
11
72
2
9
2
2
3
2
9
9
2
13
2
17
2
12
2
12
11
54
2
2
19
2
19
4
19
3
2
22
2
2
4
2
2
2
2
4
2
39
4
14
3
64
4
4
13
4
19
4
4
8
9
4
10
15
3
6
3
21
4
8
129
11
51
4
8
5
4
5
6
14
83
52
123
148
156
50
22
51
73
9
24
7
81
56
3
28
8
8
7
66
7
4
62
55
9
15
9
33
3
1
5
1
13
5
21
4
15
5
12
6
15
23
7
29
19
41
54
30
40
51
38
18
26
97
33
9
14
6
14
1
11
18
15
4
11
5
20
8
835
8
9
33
2
4
5
94
174
60
88
172
131
42
82
90
79
107
2
7
2
2
73
2
2
14
5
13
6
12
5
11
56
68
115
62
128
2
70
32
33
146
24
17
33
206
27
8
2
4
7
4
175
8
4
6
7
52
51
41
131
195
96
46
614
236
54
50
119
4
37
81
8
6
2
5
8
4
10
7
9
9
7
8
9
206
26
66
55
109
103
70
53
19
76
126
55
89
53
7
6
5
5
8
7
7
6
7
29
6
6
4
7
6
99
46
76
24
2
18
31
18
17
36
28
50
155
21
1
12
4
4
23
10
44
4
9
4
129
79
20
261
21
22
38
16
23
22
21
18
7
6
9
82
7
4
163
7
2
2
26
37
67
30
41
111
24
70
25
52
41
111
1
74
6
6
85
55
2
3
24
5
24
1
2
1
2
31
5
11
10
10
4
9
20
6
10
22
22
3
8
20
7
7
6
3
87
7
8
5
6
3
2
9
7
9
4
64
61
122
1
70
6
8
8
9
8
3
6
7
5
6
5
7
5
7
24
59
144
8
7
6
5
1
4
1
6
2
51
2
4
1
4
27
67
4
9
1
6
7
2
9
123
96
4
3
134
126
39
9
17
9
5
5
4
6
5
4
6
6
6
90
88
5
5
6
4
90
112
4
8
3
868
19
153
9
10
9
6
5
88
7
56
4
20
38
62
6
78
395
22
12
20
52
63
7
56
9
33
70
32
93
7
10
5
5
5
4
1
6
6
7
8
8
11
1
8
9
3
10
6
6
8
2
8
8
7
9
14
2
18
31
30
3
53
112
1
29
36
30
94
1
40
46
4
5
6
2
109
58
89
5
5
3
3
7
5
6
4
63
9
4
16
10
6
2
4
5
39
10
1
18
19
19
18
19
20
20
20
19
7
19
4
18
5
5
109
2
2
7
155
6
6
9
8
12
7
3
2
5
5
66
113
100
64
2
80
73
71
85
68
56
3
29
9
120
55
96
4
4
4
6
5
4
4
4
97
6
54
24
62
84
46
72
19
6
30
74
175
1
6
6
6
81
4
47
3
7
103
126
64
164
187
45
108
62
53
79
97
32
4
38
4
4
4
5
3
4
4
4
5
30
213
75
40
192
132
22
25
16
41
118
97
6
5
26
6
64
4
6
4
42
7
101
10
92
77
1
47
128
43
138
41
20
60
46
239
33
217
32
53
183
25
14
4
8
5
8
8
74
90
62
86
56
20
65
90
86
70
65
100
42
16
55
7
5
10
11
51
10
37
4
117
70
17
87
34
149
115
52
31
135
27
40
24
22
71
112
9
385
174
27
125
13
25
6
10
4
37
32
37
36
6
7
9
22
51
34
124
94
24
52
64
176
141
47
82
50
72
119
128
165
43
314
114
146
99
1
85
5
6
3
22
20
4
4
4
2
24
38
102
198
50
190
5
164
63
47
61
54
60
69
152
3
143
105
42
81
25
74
47
4
73
29
27
206
99
73
37
27
6
19
56
59
34
21
42
57
99
78
88
46
64
93
21
75
176
5
103
48
58
41
60
114
43
127
45
75
37
9
7
3
6
1
4
5
1
4
223
74
111
163
162
52
145
380
8
139
176
60
41
6
8
5
22
5
81
80
45
1
122
108
94
110
119
189
134
44
123
10
2
234
2
16
2
13
177
25
103
45
73
95
134
96
46
132
58
273
99
57
4
8
4
5
6
13
53
34
11
6
7
25
27
19
11
41
5
7
4
3
17
8
3
8
4
18
64
81
7
8
1
2
4
4
7
16
2
7
2
7
42
7
21
18
21
6
24
5
14
14
23
40
5
7
10
8
68
2
5
21
8
2
19
2
32
4
3
7
4
7
3
5
7
2
7
3
1
4
13
7
145
5
7
6
38
11
4
12
12
5
5
5
131
48
6
139
4
4
7
7
71
9
11
9
7
2
2
11
20
20
9
10
10
104
29
22
9
10
9
7
67
4
4
5
4
4
42
113
7
5
4
6
6
4
4
9
6
5
6
6
15
11
11
14
5
10
21
15
10
9
151
33
33
2
34
6
68
181
5
59
3
9
6
5
5
5
21
6
51
45
129
6
8
43
7
41
6
53
10
7
13
7
10
9
