98
3
9
9
3
22
147
64
26
26
21
117
82
2
23
62
92
185
147
147
4
9
2
12
5
144
10
9
21
37
12
25
10
12
6
104
147
116
9
121
14
42
14
3
38
10
23
9
72
53
32
6
48
45
72
15
57
9
45
34
9
5
78
14
5
6
150
52
138
33
152
83
148
21
9
7
13
9
14
8
14
23
55
14
44
46
60
14
63
5
76
63
9
61
39
18
107
16
147
143
116
29
23
1
98
36
148
41
23
67
138
39
24
147
95
51
69
21
20
82
113
33
35
148
23
30
19
64
49
84
94
113
47
3
59
3
34
4
52
3
36
7
53
7
2
2
147
55
32
26
6
157
45
111
76
34
40
44
61
3
30
91
3
52
48
3
39
22
26
5
28
101
360
3
39
95
20
21
25
67
21
57
9
10
28
13
16
11
23
10
42
35
22
8
19
64
73
5
80
66
8
41
31
65
48
33
6
7
3
13
30
6
59
147
162
7
76
4
12
9
147
147
10
21
10
4
7
7
46
7
3
8
9
149
5
8
38
147
64
4
10
3
6
4
147
31
17
2
39
8
8
2
7
7
8
152
8
9
4
4
9
14
10
87
14
43
154
147
1
148
6
4
34
2
7
5
147
157
28
2
7
12
22
8
4
9
5
41
5
5
11
4
7
31
27
27
74
5
6
6
20
6
10
4
6
20
20
6
20
5
20
5
148
8
14
7
11
7
1
15
10
8
15
11
14
9
11
18
55
153
1
106
54
147
218
147
98
29
32
26
83
107
6
19
147
47
24
65
9
58
14
147
14
153
9
9
14
3
5
150
153
52
740
41
38
148
45
147
111
3
72
16
86
5
20
21
23
142
60
148
30
35
34
9
18
20
147
14
66
64
36
7
24
147
147
56
51
61
49
730
20
89
77
71
146
21
35
32
28
55
94
444
30
28
151
2
54
83
147
9
187
4
731
147
12
20
142
14
9
4
4
9
5
4
55
16
23
33
22
18
11
48
11
35
11
60
10
23
18
25
39
7
4
3
9
6
6
5
5
4
315
21
32
45
70
4
21
6
4
41
107
5
30
161
72
76
42
84
8
179
54
8
8
2
7
147
89
9
4
13
39
7
53
8
9
24
59
73
23
6
11
23
8
37
7
7
50
4
7
47
147
26
8
7
52
53
8
3
7
7
46
8
14
148
35
7
21
1
62
10
6
74
10
13
77
7
26
7
7
22
7
228
48
1
147
6
147
96
15
62
14
115
90
14
5
52
7
15
29
136
32
41
260
32
91
12
73
6
147
15
145
24
15
46
7
41
15
24
14
67
14
20
166
15
14
24
148
77
54
39
2
28
14
55
86
68
148
165
51
20
12
2
49
178
31
76
22
12
28
36
10
2
17
33
14
18
106
14
22
15
7
93
116
46
33
3
786
75
17
98
146
8
44
18
72
7
163
9
8
80
10
4
19
22
9
11
317
21
5
13
107
31
147
148
5
96
6
5
6
4
4
6
6
825
4
150
4
147
56
148
12
69
5
657
76
16
15
29
37
4
21
4
45
19
830
269
17
70
69
70
70
69
69
69
70
147
69
69
30
77
51
69
70
31
11
70
70
70
70
70
69
69
70
60
147
24
7
148
4
18
88
5
25
148
7
7
6
8
5
8
11
18
8
7
7
13
110
19
1
94
657
10
20
3
9
31
118
9
19
33
9
12
147
11
11
9
5
8
10
7
119
16
13
45
7
3
7
3
4
42
5
2
4
4
9
408
20
147
19
2
16
2
33
68
8
6
148
11
12
4
40
4
40
147
6
36
38
2
8
12
46
4
5
150
3
6
3
150
3
55
148
21
44
180
3
2
9
7
6
2
151
33
5
150
13
147
40
154
11
11
2
2
33
28
28
27
4
37
14
105
9
15
85
33
2
2
13
64
5
80
264
2
2
33
33
149
17
2
3
2
2
155
22
2
33
195
183
147
2
59
116
75
150
276
149
17
148
17
35
76
1
157
14
147
14
2
34
2
42
27
42
3
35
29
72
18
3
836
3
28
6
21
9
52
4
24
7
1
16
147
1
38
24
24
30
33
71
28
21
16
176
149
55
27
18
147
18
18
18
20
20
28
55
18
24
99
14
5
5
15
14
10
15
9
3
9
14
29
2
15
32
7
15
6
4
14
44
59
23
48
15
7
4
6
4
15
14
5
741
32
14
9
15
14
14
14
8
15
13
39
15
82
20
7
12
2
8
4
2
4
6
5
148
147
6
22
16
5
18
25
2
7
5
31
140
31
148
156
23
148
5
22
20
6
4
10
12
5
12
5
4
12
9
20
12
7
20
12
4
10
20
9
5
32
4
4
3
7
99
101
147
26
153
14
6
5
6
10
4
6
6
7
4
6
6
7
31
2
8
6
8
10
12
2
6
12
3
8
8
11
11
7
39
11
198
4
58
148
34
6
15
5
4
14
7
7
14
7
15
14
57
8
9
9
7
43
8
10
147
23
2
11
5
8
6
3
7
4
7
8
20
7
6
6
4
147
3
4
4
5
6
10
2
205
147
33
48
6
4
178
6
63
74
6
147
13
23
5
7
38
35
5
13
5
13
13
5
48
111
5
9
39
39
2
6
5
10
6
4
4
5
23
6
7
30
2
10
5
6
4
147
66
22
7
153
70
7
27
27
4
4
12
6
12
13
12
4
6
3
147
3
25
13
26
4
5
19
19
2
147
37
5
6
12
11
157
147
21
2
49
148
147
14
4
60
8
5
9
7
7
149
727
5
2
8
14
8
8
8
38
154
7
147
7
2
5
4
148
7
2
147
30
147
70
20
27
529
70
69
69
69
69
69
70
70
69
2
22
23
9
5
17
87
19
29
13
56
147
147
147
7
33
11
161
5
6
7
148
7
147
149
147
15
6
98
56
3
8
42
5
6
47
71
67
65
42
36
168
68
30
149
147
41
40
277
28
147
2
9
2
26
8
75
54
10
56
58
42
46
12
72
148
52
147
74
21
147
26
148
138
235
149
50
53
124
17
40
57
9
7
7
113
6
8
5
69
4
22
6
3
5
16
4
9
6
8
8
8
22
6
21
8
11
28
5
99
150
42
8
77
8
10
18
151
8
88
3
6
45
1
5
5
4
12
7
12
5
7
13
7
9
4
4
147
148
28
25
20
23
4
6
14
15
7
2
1
9
113
13
9
17
20
12
3
11
25
11
15
48
13
4
15
5
6
4
7
36
5
13
13
7
4
14
5
5
149
82
4
147
38
4
17
5
4
6
4
147
11
7
7
5
7
57
7
6
4
4
6
7
10
7
5
14
57
6
7
9
4
9
6
15
13
12
4
6
14
149
56
35
3
31
3
6
14
4
65
3
4
2
17
150
32
4
3
147
6
3
21
5
14
4
818
3
5
6
25
3
4
4
14
3
7
17
5
5
5
4
163
147
3
6
4
6
5
31
6
9
23
6
6
1
4
3
2
3
84
3
147
4
12
6
10
54
5
4
3
8
153
5
48
7
13
25
148
6
147
8
147
9
17
9
17
14
16
17
147
16
16
15
15
147
11
47
29
127
87
6
5
8
6
7
5
7
5
20
8
6
6
195
149
37
104
97
103
13
83
4
5
148
58
76
13
78
5
14
5
5
13
120
207
7
5
147
68
5
13
2
87
18
147
17
380
73
53
105
8
5
147
5
5
13
7
5
5
5
7
27
42
20
82
148
90
100
8
81
179
56
45
5
9
6
5
27
5
160
74
11
142
20
236
67
52
14
4
45
148
148
85
74
5
39
5
32
110
12
147
80
10
143
8
186
114
14
152
10
88
6
100
5
90
6
180
151
92
165
391
41
5
85
5
44
7
55
17
7
112
29
31
39
43
15
67
3
121
8
28
13
7
6
150
27
147
104
14
119
12
60
15
69
13
128
62
80
103
75
7
31
77
19
66
10
17
148
80
18
169
147
32
49
37
20
42
91
48
48
186
89
20
84
50
6
10
147
9
3
31
175
94
7
38
132
84
8
69
38
79
41
99
26
153
30
16
189
39
14
171
95
26
29
134
147
137
88
47
97
162
15
155
147
62
2
61
5
62
184
35
28
37
36
8
33
62
80
98
39
119
36
94
42
59
49
25
139
80
117
36
28
147
21
76
29
155
4
3
7
4
4
4
155
4
35
13
389
31
4
4
4
4
6
31
5
4
14
3
100
5
7
31
5
4
1
4
4
147
8
147
4
11
4
147
3
9
100
8
74
167
156
147
6
9
12
8
147
8
10
94
8
14
3
827
9
44
4
8
144
2
27
154
7
10
98
5
8
4
5
6
31
147
16
95
13
8
8
148
46
13
4
6
15
6
3
1
148
147
4
2
23
19
25
26
19
2
7
4
13
4
3
5
3
5
8
6
4
3
4
5
55
6
9
4
147
19
20
4
6
17
34
32
818
249
142
156
18
148
18
147
9
106
111
2
154
87
203
30
1
147
15
26
149
147
28
6
7
78
16
16
6
4
2
12
67
7
8
5
44
15
7
1
5
5
147
4
4
4
6
11
4
7
5
4
34
4
4
3
4
6
43
9
6
5
816
4
4
4
4
4
6
4
4
147
147
6
4
175
9
6
3
3
133
72
36
4
11
7
9
7
6
7
6
4
9
15
7
2
1
20
28
1
4
2
20
4
4
5
23
24
147
69
9
4
4
9
5
4
256
147
6
4
12
25
25
2
5
9
15
15
6
8
1
10
147
31
7
4
9
6
6
6
13
12
2
10
27
13
7
5
7
12
9
38
11
2
39
25
12
103
12
13
11
147
37
9
6
8
15
7
9
8
15
2
14
7
6
14
7
10
9
11
151
52
6
4
148
43
50
9
117
60
148
48
30
88
225
148
23
45
80
74
23
70
50
70
377
36
377
49
377
377
377
19
377
377
377
148
15
19
51
85
377
56
86
87
99
101
589
39
377
377
108
377
147
377
377
62
377
81
377
104
377
162
49
377
36
36
28
42
49
14
55
377
50
11
377
75
377
377
377
39
377
77
67
377
76
377
377
377
66
17
90
60
12
51
55
57
147
108
9
38
35
5
43
11
95
2
46
59
4
63
160
62
22
42
1
188
22
42
9
329
77
13
84
51
24
86
52
147
25
45
149
49
45
11
4
52
33
26
79
4
42
17
12
147
5
11
66
7
9
8
6
159
11
151
147
2
148
149
96
38
4
140
4
79
4
71
5
4
44
100
43
67
4
148
123
4
85
4
4
6
4
78
35
38
54
90
97
160
26
53
48
22
28
7
8
8
80
11
8
8
75
155
51
49
40
149
55
26
63
57
28
41
71
72
43
150
10
7
7
4
32
63
70
148
147
47
147
147
76
5
41
15
150
10
41
41
34
87
13
60
2
9
147
12
6
147
11
6
41
33
147
7
17
13
9
4
6
13
6
11
3
17
17
7
13
6
10
11
7
11
38
5
147
148
1
12
11
9
14
5
9
147
7
4
147
17
150
150
11
13
7
4
13
17
60
147
10
8
8
8
56
6
5
244
8
3
8
155
7
3
2
504
39
29
5
14
6
10
11
12
4
9
4
6
4
5
8
6
8
2
3
11
5
1
147
1
4
5
5
6
2
147
15
147
11
149
9
3
5
3
10
7
3
41
148
150
5
7
6
46
5
7
6
16
8
147
5
5
4
6
5
12
7
6
2
4
1
2
4
2
4
149
3
14
15
30
7
3
16
22
10
5
16
5
4
6
11
5
9
9
7
6
5
6
3
7
3
10
2
5
27
5
49
54
31
343
68
35
19
4
3
27
149
36
11
13
50
31
12
65
151
8
65
125
150
14
9
8
51
27
6
2
5
7
4
6
6
36
49
53
105
36
147
27
31
147
147
37
49
34
79
148
111
59
3
147
4
6
6
9
9
4
5
5
6
148
8
6
10
8
11
7
23
5
4
148
26
177
147
11
6
6
4
6
4
4
21
7
12
3
4
2
4
9
7
7
4
8
60
148
87
92
5
88
14
61
6
655
6
15
155
44
17
147
151
90
71
60
30
54
64
151
54
5
4
23
6
8
65
4
6
6
6
1
7
4
45
43
125
4
567
201
9
6
35
7
4
5
10
6
5
8
29
147
51
377
99
147
377
66
1
118
57
147
377
49
377
114
377
377
122
378
377
46
43
377
49
377
20
148
1
78
64
94
23
377
51
110
377
2
26
377
377
377
142
377
91
377
92
377
156
377
61
33
148
377
97
20
43
85
29
54
17
48
61
35
377
300
377
377
377
151
149
377
70
377
82
377
57
741
377
54
141
147
377
377
27
22
154
48
68
149
58
46
13
151
95
88
377
87
377
377
4
377
68
62
377
34
377
77
160
377
378
49
377
25
147
377
68
377
28
377
77
377
96
56
26
377
27
377
64
377
41
126
377
96
377
92
377
377
79
377
48
377
51
11
377
38
93
40
377
29
63
377
112
36
148
45
377
377
75
377
377
68
13
31
111
32
316
202
39
378
36
378
377
377
56
91
43
28
73
42
377
378
27
48
377
68
377
377
377
147
44
61
149
377
44
45
377
92
148
377
69
77
91
157
65
85
377
377
377
377
147
377
35
377
377
43
21
147
41
17
33
22
26
147
29
147
6
72
35
40
44
148
377
377
377
377
377
377
377
377
377
377
119
57
377
377
377
377
147
378
377
130
377
377
377
378
19
53
377
43
377
377
377
377
1
377
377
377
377
377
77
147
377
378
377
377
377
377
122
377
377
377
148
377
10
45
7
149
13
8
153
9
43
19
9
10
6
5
5
4
12
11
1
6
6
20
20
19
20
51
19
4
6
20
19
3
10
7
1
147
3
7
4
9
6
4
11
11
87
4
5
9
6
6
128
6
9
9
1
6
147
8
20
42
20
6
6
50
154
11
6
4
104
7
5
6
7
9
10
5
6
1
9
57
2
46
148
530
31
31
32
14
4
80
149
23
254
16
5
209
228
5
2
9
6
8
30
28
6
23
7
6
6
6
6
6
6
10
6
6
2
30
3
3
8
14
3
9
10
49
23
148
155
41
6
6
64
20
4
19
153
31
19
10
4
5
57
31
19
5
154
9
5
78
32
5
108
5
75
44
8
56
7
46
8
28
35
19
5
147
68
21
31
22
26
18
11
19
152
11
54
36
148
28
17
150
5
34
5
18
18
5
9
9
38
36
5
39
42
7
35
65
23
22
29
49
9
24
62
57
61
80
4
80
393
5
60
91
783
71
286
89
147
55
45
156
69
224
184
4
5
106
3
35
62
54
2
144
14
115
14
32
65
4
125
144
8
14
7
26
2
24
13
22
13
7
72
2
29
7
14
158
147
45
18
88
30
19
20
18
8
5
13
6
5
12
423
18
10
6
18
20
4
11
18
5
3
23
78
29
208
50
117
68
102
73
63
40
72
14
14
12
14
16
97
14
51
23
60
14
155
15
12
3
5
7
5
51
30
150
156
1
123
17
56
27
2
5
2
8
4
33
46
6
35
89
43
4
4
87
4
7
23
22
31
4
22
27
145
99
57
116
151
4
7
232
100
75
18
147
44
8
47
148
117
29
93
4
33
2
122
7
2
122
10
65
5
95
77
69
132
113
33
2
11
54
148
30
33
6
2
48
2
11
2
6
73
45
40
2
12
33
14
2
23
15
33
15
2
3
3
15
18
2
14
2
18
147
147
147
147
147
21
12
20
14
148
2
3
28
33
31
4
2
4
8
2
5
2
5
147
1
122
47
802
32
46
17
52
96
148
25
147
15
51
147
149
90
41
77
147
147
82
3
102
4
7
147
12
147
11
72
5
104
4
6
19
10
8
6
148
6
7
168
48
148
883
26
98
87
147
99
5
147
7
4
8
7
5
5
4
8
7
148
5
4
10
22
25
22
6
5
5
5
1
57
8
55
22
4
5
5
9
10
21
3
6
16
4
4
1
98
6
13
15
152
10
25
36
8
36
21
21
20
23
3
5
14
4
3
2
92
2
5
6
3
2
6
6
6
4
3
3
6
2
24
4
4
9
7
5
2
9
3
8
8
4
8
7
8
147
9
8
6
6
31
148
9
4
6
2
3
6
4
10
3
4
4
151
7
148
46
5
6
4
4
7
12
31
4
7
44
4
148
11
2
2
15
9
7
165
4
6
41
6
4
5
4
151
150
7
4
148
12
12
36
13
151
1
3
4
6
14
6
38
18
39
10
35
5
5
2
4
8
19
4
12
7
8
4
5
13
5
7
147
10
10
147
159
7
8
8
81
7
7
29
8
5
55
2
16
29
147
5
7
14
7
31
82
8
5
7
103
59
34
54
4
85
4
10
63
4
57
18
43
79
96
147
149
98
6
4
3
5
5
5
3
2
3
16
4
2
8
4
1
4
153
147
40
187
147
64
5
27
8
4
126
4
66
16
3
68
123
54
4
20
4
42
4
161
20
4
31
90
50
6
29
58
37
21
126
18
101
35
36
59
40
104
20
10
70
40
75
39
112
95
75
105
36
148
147
23
103
37
64
90
61
64
43
22
108
41
167
60
18
57
71
87
51
27
39
19
36
27
19
33
3
8
8
3
5
20
56
8
21
4
71
7
7
27
17
18
8
93
126
4
2
6
12
67
57
147
64
25
59
17
6
3
149
2
6
7
6
45
3
26
45
8
62
31
4
148
238
8
36
147
6
10
9
147
64
17
42
69
43
43
62
28
31
32
56
3
1
9
161
6
22
68
5
139
24
1
139
24
33
28
34
25
147
83
26
7
12
16
17
36
86
38
114
24
75
64
5
5
117
5
81
5
90
25
72
86
149
89
81
58
89
125
89
36
106
145
5
8
7
147
23
7
12
7
6
14
14
4
7
5
81
36
101
149
69
4
88
5
237
3
6
80
5
130
3
89
186
98
74
23
58
11
12
4
11
148
159
4
60
2
128
145
7
46
57
6
3
242
9
1
181
223
102
159
46
147
147
22
25
12
5
24
16
63
4
13
173
18
150
37
62
4
98
3
304
12
24
5
95
5
5
88
36
51
60
151
89
75
6
12
90
68
148
70
13
7
93
2
21
75
22
60
70
30
11
38
20
83
65
34
49
60
40
52
30
93
166
111
25
47
46
31
60
24
31
138
45
125
148
56
41
17
100
10
8
7
7
88
188
9
147
59
197
41
42
196
88
47
87
79
114
148
53
32
7
16
4
2
6
16
6
4
16
2
158
147
20
18
32
54
27
147
22
25
21
147
17
154
14
9
5
6
7
1
4
46
25
75
3
2
2
2
2
64
4
6
2
4
147
27
28
4
26
48
14
2
10
4
18
43
189
147
4
6
25
26
8
9
8
2
185
147
148
1
66
4
7
53
4
4
4
88
4
2
55
2
2
11
2
33
35
101
19
38
3
5
4
4
4
4
7
7
8
7
6
6
5
5
21
21
21
3
21
3
1
4
4
4
4
1
4
4
5
7
71
2
12
12
6
9
4
62
5
10
5
35
4
94
8
4
14
12
4
156
12
4
4
7
9
3
148
3
31
31
3
5
6
6
3
9
2
4
4
6
4
7
31
31
2
147
6
3
6
147
5
147
6
70
6
6
6
3
6
73
83
31
2
10
6
13
3
11
33
7
13
149
4
3
5
3
29
17
20
23
10
16
106
148
7
148
8
8
9
14
7
34
8
147
10
7
8
11
5
49
15
150
5
10
6
