1.0
0.0
0.0
0.0
0.0
0.0
1.0
0.0
0.0
0.23300970873786409
0.0
0.0
0.0
0.0
0.0
0.0
0.0
0.0065252854812398045
0.006799020940984498
0.0
0.0
0.0
0.0
2.88357286211908E-4
0.014705882352941176
0.0
0.0
0.0
1.0
0.0
0.1132391823047656
0.0
0.0
0.0
0.0
0.0
0.0
0.0
0.0
0.0
0.0
0.04967159277504105
0.0
0.6119118846886048
0.0
0.0
0.0
0.0
0.0
0.0
0.0
0.0
0.0
0.2979893182532202
0.0
1.0
0.0
0.0
1.0
0.0
0.0
0.0
0.0
0.0
0.0
0.0
0.0
0.0
0.0
0.0
0.0
0.0
0.0
0.0
0.0
0.0
0.0
0.0
0.0
0.0
0.013093506149980162
0.0
0.0
0.0
0.0
0.0
0.1864406779661017
0.0
0.0
0.0
0.0
0.0
0.0
0.0
0.0
0.1354081780734754
0.0
0.0
0.0
0.0
0.0
0.3219742219427853
0.0
0.0
0.3123205592310573
0.0
0.0
1.0
0.0
0.0
1.0
0.0
0.0
0.7536231884057971
0.0
0.2028985507246377
0.0
0.0
0.3148936170212766
0.0
0.0
0.04285714285714286
0.0
0.0
0.2364341085271318
0.0
0.0
0.0
0.0
0.2028985507246377
0.0
0.0
0.04436676525947835
0.05343097369134798
0.0
0.0046559751681324365
0.017286537454164485
0.9857142857142858
0.0
0.7536231884057971
0.0
0.0
0.0
0.0
0.0023875983298345983
0.0
7.946013174259524E-4
0.004
0.004
0.0
0.0
0.0
0.0
0.0
0.0
1.0
0.0
0.0
0.23300970873786409
0.0
0.0
0.0
0.0
0.0
0.0
0.0
0.0065252854812398045
0.006799020940984498
0.0
0.0
0.0
0.0
2.88357286211908E-4
0.014705882352941176
0.0
0.0
0.0
1.0
0.0
0.0
0.22274881516587677
0.0
0.0
0.1703056768558952
0.0
0.0
0.0
0.034827213822894165
0.04157608695652174
0.7428571428571429
1.0
0.0
0.0
0.0017993494659623058
0.005025125628140704
0.0
0.0
0.0
1.0
0.0
0.152
0.0
0.0
0.16666666666666666
0.0
1.0
0.0
0.007313109425785482
0.00977464023893565
0.2
0.0
0.0
0.0
4.844402408360054E-4
0.0
0.0
0.0
0.0
1.0
0.0
0.0
1.0
0.0
0.10679611650485436
0.0
0.0
0.0
0.07
0.0
0.0
0.0
0.152
0.0
0.024119241192411923
0.02746057640021751
0.0
0.023841777296125712
0.02690217391304348
0.0
0.3276595744680851
0.0
0.22274881516587677
0.0
0.0
0.0
0.0011764977277445847
0.0
0.0011764977277445847
0.006896551724137931
0.006896551724137931
0.0
0.0
0.0
0.0
0.0
0.0
1.0
0.0
0.0
0.0
0.0
0.0
0.002990755845568244
0.002990755845568244
0.05714285714285714
0.0
0.0
0.0
1.3841149738171585E-4
0.0
0.0
0.0
0.0
1.0
0.0
0.0
1.0
0.0
0.0
0.0
0.16666666666666666
0.0
0.029060293318848452
0.020743534482758622
0.0
0.022672064777327937
0.029060293318848452
0.0
0.23371647509578544
0.0
0.1703056768558952
0.427536231884058
0.0
0.0
0.0012918406422293479
0.0
0.0012918406422293479
0.0
0.0
0.0
0.0
0.0
0.0
0.427536231884058
0.0
1.0
0.0
0.08349197715528964
0.0
0.0
0.0
0.0
0.0
0.0
0.0
0.0
0.0
0.032848504657623796
0.0
1.0
0.0
0.007313109425785482
0.00977464023893565
0.2
0.0
0.0
0.0
4.844402408360054E-4
0.0
0.0
0.0
0.0
1.0
0.0
0.0
0.0
1.0
0.3224240244560331
0.0
0.3224240244560331
1.0
0.0
0.04489247311827957
0.05424464334147003
0.0
0.034827213822894165
0.04157608695652174
0.0
0.021727322107550243
0.021172638436482084
0.0
0.0
0.0
0.04113865720473711
0.0
0.041210626972971724
0.0
0.00812787862367922
0.011141304347826087
0.0
0.45626690712353474
0.0
0.0
0.0
0.0
0.0
0.021727322107550243
0.021172638436482084
1.0
0.7428571428571429
0.0
0.0
0.002422201204180027
0.003952569169960474
0.0
0.0
0.0
1.0
0.0
0.0
0.0017993494659623058
0.005025125628140704
0.0
0.0
0.0
1.0
0.0
9.804147731204873E-4
0.0
0.0
0.0
1.0
1.0
0.0
0.0
1.0
0.0
5.075088237329581E-4
0.05012119701877987
0.0
0.0
0.0
0.0
9.804147731204873E-4
1.0
0.0
0.0
0.0
1.0
0.0
0.0
1.0
0.0
0.0
1.0
