1.0
0.0
0.0
0.0
0.0
0.0
1.0
0.0
0.0
0.18888888888888888
0.0
0.0
0.0
0.0
0.0
0.0
0.0
0.008360427310729215
0.008360427310729215
0.0
0.0
0.0
0.0
3.5561175099274947E-4
0.0
0.0
0.0
0.0
1.0
0.0
0.014932441431975255
0.0
0.0
0.0
0.0
0.0
0.0
0.0
0.0
0.0
0.0
0.04823151125401929
0.0
0.5369252206223873
0.0
0.0
0.0
0.0
0.0
0.0
0.0
0.0
0.0
0.2549225518508795
0.0
1.0
0.0
0.0
1.0
0.0
0.0
0.0
0.0
0.0
0.0
0.0
0.0
0.0
0.0
0.0
0.0
0.0
0.0
0.0
0.0
0.0
0.0
0.0
0.0
0.0
0.001274338381293898
0.0
0.0
0.0
0.0
0.0
0.028241657553276386
0.0
0.0
0.0
0.0
0.0
0.0
0.0
0.0
0.08013066871637202
0.0
0.0
0.0
0.0
0.0
0.049996305327717434
0.0
0.0
0.04926748582230624
0.0
0.0
1.0
0.0
0.0
1.0
0.0
0.0
0.751269035532995
0.0
0.233502538071066
0.0
0.0
0.3490566037735849
0.0
0.0
0.015228426395939087
0.0
0.0
0.13270142180094788
0.0
0.0
0.0
0.0
0.233502538071066
0.0
0.0
0.07159142726858185
0.09150023223409197
0.0
0.006855184233076264
0.053339309726580006
1.0
0.0
0.751269035532995
0.0
0.0
0.0
0.0
0.003891973052531758
0.0
9.257982547718006E-4
0.017167381974248927
0.00423728813559322
0.0
0.0
0.0
0.0
0.0
0.0
1.0
0.0
0.0
0.18888888888888888
0.0
0.0
0.0
0.0
0.0
0.0
0.0
0.008360427310729215
0.008360427310729215
0.0
0.0
0.0
0.0
3.5561175099274947E-4
0.0
0.0
0.0
0.0
1.0
0.0
0.0
0.2810810810810811
0.0
0.0
0.07344632768361582
0.0
0.0
0.0
0.05357142857142857
0.06874129122155133
0.751269035532995
1.0
0.0
0.0
0.00292391884149594
0.010752688172043012
0.0
0.0
0.0
1.0
0.0
0.18421052631578946
0.0
0.0
0.2054794520547945
0.0
1.0
0.0
0.017584451642757983
0.021365536460752437
0.233502538071066
0.0
0.0
0.0
9.087855858703598E-4
0.011764705882352941
0.0
0.0
0.0
1.0
0.0
0.0
1.0
0.0
0.01098901098901099
0.0
0.0
0.0
0.18018018018018017
0.0
0.0
0.0
0.18421052631578946
0.0
0.03796296296296296
0.03556581986143187
0.0
0.03461005999077065
0.04085422469823584
0.0
0.3490566037735849
0.0
0.2810810810810811
0.0
0.0
0.0
0.0017583025465752612
0.0
0.0017583025465752612
0.0
0.015748031496062992
0.0
0.0
0.0
0.0
0.0
0.0
1.0
0.0
0.0
0.0
0.0
0.0
9.285051067780873E-4
0.0013934045517882026
0.015228426395939087
0.0
0.0
0.0
5.926862516545824E-5
0.023809523809523808
0.0
0.0
0.0
1.0
0.0
0.0
1.0
0.0
0.0
0.0
0.2054794520547945
0.0
0.017145505097312327
0.018089053803339517
0.0
0.01761706073249884
0.019507663725034836
0.0
0.13270142180094788
0.0
0.07344632768361582
0.7391304347826086
0.0
0.0
8.297607523164155E-4
0.0
8.297607523164155E-4
0.0
0.012345679012345678
0.0
0.0
0.0
0.0
0.7391304347826086
0.0
1.0
0.0
0.06874129122155133
0.0
0.0
0.0
0.0
0.0
0.0
0.0
0.0
0.0
0.021391822366639588
0.0
1.0
0.0
0.017584451642757983
0.021365536460752437
0.233502538071066
0.0
0.0
0.0
9.087855858703598E-4
0.011764705882352941
0.0
0.0
0.0
1.0
0.0
0.0
0.0
1.0
0.3443646581330003
0.0
0.3443646581330003
1.0
0.0
0.07159142726858185
0.09150023223409197
0.0
0.05357142857142857
0.06874129122155133
0.0
0.015291936978683966
0.01764979098931723
0.0
0.0
0.0
0.04023339707070906
0.0
0.0405821107430194
0.0
0.012933025404157044
0.018578727357176035
0.0
0.41074481074481073
0.0
0.0
0.0
0.0
0.0
0.015291936978683966
0.01764979098931723
1.0
0.751269035532995
0.0
0.0
0.003891973052531758
0.017167381974248927
0.0
0.0
0.0
1.0
0.0
0.0
0.00292391884149594
0.010752688172043012
0.0
0.0
0.0
1.0
0.0
7.507359187624711E-4
0.0
0.0
0.0
1.0
1.0
0.0
0.0
1.0
0.0
7.902483355394432E-4
0.05457479488276237
0.0
0.0
0.0
0.0
7.507359187624711E-4
1.0
0.0
0.0
0.0
1.0
0.0
0.0
1.0
0.0
0.0
1.0
