1.0
0.2
0.2
1.0
0.5555555555555556
0.12
0.16666666666666666
0.5555555555555556
0.16666666666666666
0.16666666666666666
0.75
0.75
0.28
0.0
0.45454545454545453
0.0
0.2
0.0
0.3333333333333333
0.3333333333333333
0.0
0.0
0.2
0.3333333333333333
0.4444444444444444
0.13043478260869565
0.08333333333333333
0.4444444444444444
0.07142857142857142
0.1111111111111111
0.42857142857142855
0.5789473684210527
0.15384615384615385
0.1111111111111111
0.42857142857142855
0.5789473684210527
1.0
0.1111111111111111
0.1111111111111111
1.0
0.13333333333333333
0.13333333333333333
0.4166666666666667
0.4166666666666667
0.2
0.0
0.7142857142857143
0.0
0.3333333333333333
0.0
0.23076923076923078
0.3333333333333333
0.0
0.0
0.14285714285714285
0.3333333333333333
0.0
0.125
0.058823529411764705
0.8
0.0
0.1
0.29411764705882354
0.6923076923076923
0.2222222222222222
0.1
0.29411764705882354
0.6923076923076923
1.0
1.0
1.0
1.0
0.35714285714285715
0.0
0.35714285714285715
0.0
0.25
0.25
0.25
0.25
0.15384615384615385
0.25
0.15384615384615385
0.25
0.06666666666666667
0.3333333333333333
0.06666666666666667
0.3333333333333333
0.5
0.5
0.5
0.5
0.5
0.5
0.5
0.5
1.0
0.0
0.0
1.0
0.17647058823529413
0.25
0.0
0.0
0.1111111111111111
0.25
0.0
0.0
0.15789473684210525
0.5714285714285714
0.0
0.0
0.23809523809523808
0.5294117647058824
0.0
0.0
0.23809523809523808
0.5294117647058824
0.0
0.0
1.0
0.0
0.0
1.0
0.0
0.0
0.0
1.0
0.0
0.2727272727272727
0.0
0.16666666666666666
0.0
0.2857142857142857
0.2
0.38461538461538464
0.5
0.125
0.2
0.38461538461538464
1.0
0.0
0.0
1.0
0.0
0.16666666666666666
0.0
0.16666666666666666
0.2857142857142857
0.058823529411764705
0.2
0.38461538461538464
0.0
0.2
0.2
0.38461538461538464
1.0
0.06666666666666667
0.06666666666666667
1.0
0.1111111111111111
0.05263157894736842
0.25
0.5384615384615384
0.0
0.05263157894736842
0.25
0.5384615384615384
1.0
0.2
0.2
1.0
0.0
0.5
0.5
0.5
1.0
0.2
0.2
1.0
