1.0
1.0
1.0
1.0
0.18181818181818182
0.18181818181818182
0.18181818181818182
0.18181818181818182
0.0
0.0
0.0
0.0
0.4
0.0
0.4
0.0
0.18181818181818182
0.18181818181818182
0.18181818181818182
0.18181818181818182
0.057971014492753624
0.05415162454873646
0.0
0.057971014492753624
0.05415162454873646
0.0
0.4
0.0
0.4
0.0
0.0
0.4
0.0
0.4
0.0
0.0
0.0
0.0
0.0
0.0
0.0
0.0
0.25
0.25
0.0
0.0
0.0
0.0
0.0
0.0
0.0
0.0
0.0
0.4
0.0
0.4
0.0
0.0
0.0
0.0
0.0
0.0
0.0
0.0
0.0
0.0
0.0
0.0
1.0
0.0
0.0
1.0
0.0
0.0
0.2857142857142857
0.0
0.0
0.2222222222222222
0.375
0.2222222222222222
0.0
1.0
1.0
0.0
0.032490974729241874
0.036231884057971016
0.0
0.036231884057971016
0.036231884057971016
0.0
0.375
0.2222222222222222
0.0
0.2222222222222222
0.0
0.375
0.2222222222222222
0.375
0.0
0.2857142857142857
0.0
0.2857142857142857
0.0
0.6
0.6
0.0
0.4166666666666667
0.4166666666666667
0.2857142857142857
0.0
0.0
0.0
0.0
0.2857142857142857
0.0
0.2857142857142857
0.2222222222222222
0.375
0.0
0.375
0.0
0.3333333333333333
0.3333333333333333
0.0
0.3333333333333333
0.0
0.0
0.3333333333333333
0.6
0.0
0.0
0.6
1.0
0.0
0.0
1.0
0.0
0.1111111111111111
0.0
0.25
0.2857142857142857
0.0
0.0
0.0
0.02527075812274368
0.028985507246376812
0.0
0.028985507246376812
0.02158273381294964
0.0
0.0
0.1111111111111111
0.0
0.25
0.25
0.0
0.25
0.0
0.0
0.3333333333333333
0.3333333333333333
0.0
0.4
0.0
0.0
0.0
0.14285714285714285
0.14285714285714285
0.0
0.0
0.0
1.0
0.0
0.3333333333333333
0.3333333333333333
0.0
0.0
0.0
0.25
0.0
0.16666666666666666
0.0
0.16666666666666666
0.16666666666666666
0.0
0.16666666666666666
0.16666666666666666
0.16666666666666666
0.0
0.4
0.0
0.0
1.0
0.09090909090909091
0.09090909090909091
1.0
0.375
0.0
0.2222222222222222
0.2222222222222222
0.043478260869565216
0.039711191335740074
0.0
0.039711191335740074
0.039711191335740074
0.0
0.0
0.09090909090909091
0.09090909090909091
1.0
0.2
0.3333333333333333
0.3333333333333333
0.2
0.0
0.0
0.1111111111111111
0.25
0.125
0.0
0.2857142857142857
0.2857142857142857
0.2
0.5
0.0
0.0
0.1111111111111111
0.25
0.0
0.0
0.1111111111111111
0.25
0.0
0.3333333333333333
0.3333333333333333
0.2
0.125
0.0
0.5
0.5
0.0
0.125
0.5
0.5
0.0
0.125
0.2857142857142857
0.2857142857142857
1.0
0.0
0.0
1.0
0.036231884057971016
0.036231884057971016
0.0
0.032490974729241874
0.036231884057971016
0.0
0.0
0.2222222222222222
0.375
0.2222222222222222
0.2222222222222222
0.375
0.0
0.375
0.0
0.2857142857142857
0.0
0.2857142857142857
0.6
0.0
0.0
0.6
0.4166666666666667
0.4166666666666667
0.0
0.0
0.2857142857142857
0.0
0.0
0.2857142857142857
0.0
0.2857142857142857
0.0
0.375
0.2222222222222222
0.375
0.3333333333333333
0.0
0.0
0.3333333333333333
0.0
0.3333333333333333
0.3333333333333333
0.0
0.0
0.6
0.6
0.0
1.0
0.3142857142857143
0.0
0.3142857142857143
1.0
0.0
0.0
0.0
1.0
0.03597122302158273
0.039711191335740074
0.043478260869565216
0.039711191335740074
0.0
0.0
0.043478260869565216
0.039711191335740074
0.03597122302158273
0.043478260869565216
0.0
0.0
0.02158273381294964
0.028985507246376812
0.028985507246376812
0.028985507246376812
0.0
0.0
0.021739130434782608
0.018050541516245487
0.021739130434782608
0.021739130434782608
0.0
0.0
0.08303249097472924
0.08303249097472924
0.0
0.028985507246376812
0.028985507246376812
0.028985507246376812
0.02158273381294964
0.0
0.0
0.028985507246376812
0.028985507246376812
0.014285714285714285
0.028985507246376812
0.0
0.0
0.03597122302158273
0.039711191335740074
0.043478260869565216
0.043478260869565216
0.0
0.0
0.021739130434782608
0.018050541516245487
0.018050541516245487
0.021739130434782608
0.0
0.0
0.018050541516245487
0.021739130434782608
0.021739130434782608
0.018050541516245487
0.0
0.0
0.018050541516245487
0.021739130434782608
0.021739130434782608
0.021739130434782608
0.0
0.0
1.0
0.09090909090909091
0.09090909090909091
1.0
0.0
0.3333333333333333
0.3333333333333333
0.2
0.0
0.0
0.1111111111111111
0.25
0.0
0.125
0.2857142857142857
0.2857142857142857
0.2
0.5
0.0
0.0
0.1111111111111111
0.25
0.0
0.0
0.1111111111111111
0.25
0.2
0.3333333333333333
0.3333333333333333
0.2
0.0
0.125
0.5
0.5
0.125
0.0
0.5
0.5
0.125
0.0
0.2857142857142857
0.2857142857142857
1.0
0.09090909090909091
0.09090909090909091
1.0
0.0
0.1111111111111111
0.0
0.0
0.2857142857142857
0.0
0.125
0.125
0.2
0.5
0.0
0.25
0.0
0.0
0.25
0.1111111111111111
0.0
0.0
0.0
0.09090909090909091
0.09090909090909091
1.0
0.5
0.0
0.125
0.125
0.0
0.5
0.125
0.125
0.0
0.2857142857142857
0.125
0.125
1.0
0.0
0.0
1.0
0.0
0.0
0.4
0.4
0.06666666666666667
0.3333333333333333
0.0
0.3333333333333333
0.3333333333333333
0.0
0.0
0.0
0.0
1.0
0.25
0.0
0.1111111111111111
0.0
0.0
0.16666666666666666
0.16666666666666666
0.16666666666666666
0.16666666666666666
0.0
0.16666666666666666
0.16666666666666666
0.0
0.0
0.4
0.4
1.0
0.0
0.0
1.0
0.25
0.25
0.0
0.0
0.4
0.0
0.0
0.4
0.0
0.4
0.0
0.125
0.2857142857142857
0.125
0.5
0.0
0.0
0.5
0.0
0.5
0.5
0.0
0.0
1.0
1.0
0.0
1.0
0.14285714285714285
0.14285714285714285
0.06666666666666667
0.3333333333333333
0.2
0.5
0.25
0.25
0.25
0.25
0.25
0.25
1.0
0.0
0.0
1.0
0.0
0.3333333333333333
0.3333333333333333
0.0
0.25
0.0
0.25
0.0
0.0
0.16666666666666666
0.16666666666666666
0.16666666666666666
0.16666666666666666
0.0
0.16666666666666666
0.16666666666666666
0.4
0.0
0.0
0.0
1.0
0.0
0.0
1.0
0.0
0.0
0.1111111111111111
0.0
0.16666666666666666
0.0
0.16666666666666666
0.16666666666666666
0.0
0.16666666666666666
0.16666666666666666
0.16666666666666666
0.0
0.0
0.4
0.4
1.0
0.09090909090909091
0.09090909090909091
1.0
0.0
0.5
0.125
0.125
0.5
0.0
0.125
0.125
0.2857142857142857
0.0
0.125
0.125
1.0
0.0
0.0
1.0
0.0
1.0
1.0
0.0
0.0
0.5
0.5
0.0
1.0
0.0
0.0
1.0
0.5
0.0
0.0
0.5
1.0
0.0
0.0
1.0
