1.0
0.0
0.0
0.0
0.0
0.0
1.0
0.0
0.0
0.2835820895522388
0.0
0.0
0.0
0.0
0.0
0.0
0.0
0.008823529411764706
0.009813542688910697
0.0
0.0
0.0
0.0
3.2734831497454865E-4
0.04
0.0
0.0
0.0
1.0
0.0
0.10482158028887001
0.0
0.0
0.0
0.0
0.0
0.0
0.0
0.0
0.0
0.0
0.09327548806941431
0.0
0.5893032384690874
0.0
0.0
0.0
0.0
0.0
0.0
0.0
0.0
0.0
0.2583965330444204
0.0
1.0
0.0
0.0
1.0
0.0
0.0
0.0
0.0
0.0
0.0
0.0
0.0
0.0
0.0
0.0
0.0
0.0
0.0
0.0
0.0
0.0
0.0
0.0
0.0
0.0
0.02180451127819549
0.0
0.0
0.0
0.0
0.0
0.17180984153461218
0.0
0.0
0.0
0.0
0.0
0.0
0.0
0.0
0.12859413379569426
0.0
0.0
0.0
0.0
0.0
0.3090777352240969
0.0
0.0
0.3134281856890643
0.0
0.0
1.0
0.0
0.0
1.0
0.0
0.0
0.6994535519125683
0.0
0.18579234972677597
0.0
0.0
0.25757575757575757
0.0
0.0
0.11475409836065574
0.0
0.0
0.10256410256410256
0.0
0.0
0.0
0.0
0.18579234972677597
0.0
0.0
0.07502420135527589
0.08925944090240313
0.0
0.014155251141552512
0.04714757190004715
1.0
0.0
0.6994535519125683
0.0
0.0
0.0
0.0
0.0029952370820171205
0.0
0.001143603986276752
0.018957345971563982
0.004672897196261682
0.0
0.0
0.0
0.0
0.0
0.0
1.0
0.0
0.0
0.2835820895522388
0.0
0.0
0.0
0.0
0.0
0.0
0.0
0.008823529411764706
0.009813542688910697
0.0
0.0
0.0
0.0
3.2734831497454865E-4
0.04
0.0
0.0
0.0
1.0
0.0
0.0
0.14792899408284024
0.0
0.0
0.03896103896103896
0.0
0.0
0.0
0.04941860465116279
0.06280667320902845
0.6994535519125683
1.0
0.0
0.0
0.0020950292158371116
0.012658227848101266
0.0
0.0
0.0
1.0
0.0
0.13636363636363635
0.0
0.0
0.2222222222222222
0.0
1.0
0.0
0.016184404119666502
0.016683022571148183
0.18579234972677597
0.0
0.0
0.0
5.564921354567328E-4
0.03125
0.0
0.0
0.0
1.0
0.0
0.0
1.0
0.0
0.1917808219178082
0.0
0.0
0.0
0.11363636363636363
0.0
0.0
0.0
0.13636363636363635
0.0
0.026842362127867253
0.03187837175085827
0.0
0.030867221950024497
0.03137254901960784
0.0
0.25757575757575757
0.0
0.14792899408284024
0.0
0.0
0.0
0.0010802494394160107
0.0
0.0010802494394160107
0.020833333333333332
0.010309278350515464
0.0
0.0
0.0
0.0
0.0
0.0
1.0
0.0
0.0392156862745098
0.0
0.0
0.0
0.00980872976949485
0.00980872976949485
0.11475409836065574
0.0
0.0
0.0
3.437157307232761E-4
0.0
0.0
0.0
0.0
1.0
0.0
0.0
1.0
0.0
0.0
0.0
0.2222222222222222
0.0
0.015701668302257114
0.014705882352941176
0.0
0.014705882352941176
0.015203531142717018
0.0
0.10256410256410256
0.0
0.03896103896103896
0.52
0.0
0.0
5.237573039592779E-4
0.0
5.237573039592779E-4
0.0
0.0
0.0
0.0
0.0
0.0
0.52
0.0
1.0
0.0
0.15260058881256133
0.0
0.0
0.0
0.0
0.0
0.0
0.0
0.0
0.0
0.049748462828395755
0.0
1.0
0.0
0.016184404119666502
0.016683022571148183
0.18579234972677597
0.0
0.0
0.0
5.564921354567328E-4
0.03125
0.0
0.0
0.0
1.0
0.0
0.0
0.0
1.0
0.3696236559139785
0.0
0.3696236559139785
1.0
0.0
0.07502420135527589
0.08925944090240313
0.0
0.04941860465116279
0.06280667320902845
0.0
0.018590998043052837
0.019588638589618023
0.0
0.0
0.0
0.03193801997352119
0.0
0.032545588355548286
0.0
0.0107421875
0.015701668302257114
0.0
0.4058974358974359
0.0
0.0
0.0
0.0
0.0
0.018590998043052837
0.019588638589618023
1.0
0.6994535519125683
0.0
0.0
0.0029952370820171205
0.018957345971563982
0.0
0.0
0.0
1.0
0.0
0.0
0.0020950292158371116
0.012658227848101266
0.0
0.0
0.0
1.0
0.0
7.201662929440071E-4
0.013333333333333334
0.0
0.0
1.0
1.0
0.0
0.0
1.0
0.0
5.237573039592779E-4
0.04296818189163421
0.0
0.0
0.0
0.0
7.201662929440071E-4
1.0
0.0
0.0
0.013333333333333334
1.0
0.0
0.0
1.0
0.0
0.0
1.0
