1.0
0.0
0.0
0.0
0.0
0.0
1.0
0.0
0.0
0.14705882352941177
0.0
0.0
0.0
0.0
0.0
0.0
0.0
0.006521030322791001
0.006521030322791001
0.0
0.0
0.0
0.0
2.868930845105058E-4
0.0196078431372549
0.0
0.0
0.0
1.0
0.0
0.09300955622463673
0.0
0.0
0.0
0.0
0.0
0.0
0.0
0.0
0.0
0.0
0.03225806451612903
0.0
0.589041095890411
0.0
0.0
0.0
0.0
0.0
0.0
0.0
0.0
0.0
0.2869548436896951
0.0
1.0
0.0
0.0
1.0
0.0
0.0
0.0
0.0
0.0
0.0
0.0
0.0
0.0
0.0
0.0
0.0
0.0
0.0
0.0
0.0
0.0
0.0
0.0
0.0
0.0
0.006397014726460985
0.0
0.0
0.0
0.0
0.0
0.15417737789203084
0.0
0.0
0.0
0.0
0.0
0.0
0.0
0.0
0.16199709800817835
0.0
0.0
0.0
0.0
0.0
0.26828015664120175
0.0
0.0
0.2522819472616633
0.0
0.0
1.0
0.0
0.0
1.0
0.0
0.0
0.782608695652174
0.0
0.19254658385093168
0.0
0.0
0.42995169082125606
0.0
0.0
0.023952095808383235
0.0
0.0
0.19576719576719576
0.0
0.0
0.0
0.0
0.19254658385093168
0.0
0.0
0.04806755440077947
0.050455729166666664
0.0
0.0024852438645542093
0.05251141552511415
0.9640718562874252
0.0
0.782608695652174
0.0
0.0
0.0
0.0
0.0021995136479138772
0.0
0.001105379513633014
0.015873015873015872
0.005235602094240838
0.0
0.0
0.0
0.0
0.0
0.0
1.0
0.0
0.0
0.14705882352941177
0.0
0.0
0.0
0.0
0.0
0.0
0.0
0.006521030322791001
0.006521030322791001
0.0
0.0
0.0
0.0
2.868930845105058E-4
0.0196078431372549
0.0
0.0
0.0
1.0
0.0
0.0
0.34536082474226804
0.0
0.0
0.09770114942528736
0.0
0.0
0.0
0.038386467143786594
0.0390625
0.7544910179640718
1.0
0.0
0.0
0.0017213585070630344
0.01948051948051948
0.0
0.0
0.0
1.0
0.0
0.12162162162162163
0.0
0.0
0.2631578947368421
0.0
1.0
0.0
0.008466297622924128
0.010110893672537508
0.18562874251497005
0.0
0.0
0.0
4.23508839039318E-4
0.0
0.0
0.0
0.0
1.0
0.0
0.0
1.0
0.0
0.058394160583941604
0.0
0.0
0.0
0.1695906432748538
0.0
0.0
0.0
0.12162162162162163
0.0
0.038611291369240755
0.03258064516129032
0.0
0.0406371911573472
0.043690903162699704
0.0
0.4449760765550239
0.0
0.34536082474226804
0.0
0.0
0.0
0.0018443126861389656
0.0
0.0018443126861389656
0.006060606060606061
0.0
0.0
0.0
0.0
0.0
0.0
0.0
1.0
0.0
0.0
0.0
0.0
0.0
0.0032615786040443573
0.0032615786040443573
0.059880239520958084
0.0
0.0
0.0
1.3661575452881227E-4
0.0
0.0
0.0
0.0
1.0
0.0
0.0
1.0
0.0
0.0
0.0
0.2631578947368421
0.0
0.020867297032931203
0.01788036410923277
0.0
0.020202020202020204
0.020534550195567144
0.0
0.18974358974358974
0.0
0.09770114942528736
0.4489795918367347
0.0
0.0
8.880024044372797E-4
0.0
8.880024044372797E-4
0.02127659574468085
0.010526315789473684
0.0
0.0
0.0
0.0
0.4489795918367347
0.0
1.0
0.0
0.0684931506849315
0.0
0.0
0.0
0.0
0.0
0.0
0.0
0.0
0.0
0.0146
0.0
1.0
0.0
0.008466297622924128
0.010110893672537508
0.18562874251497005
0.0
0.0
0.0
4.23508839039318E-4
0.0
0.0
0.0
0.0
1.0
0.0
0.0
0.0
1.0
0.32842287694974004
0.0
0.32842287694974004
1.0
0.0
0.050016239038648914
0.052408854166666664
0.0
0.038386467143786594
0.0390625
0.0
0.022113821138211382
0.024445893089960886
0.0
0.0
0.0
0.04094780519764141
0.0
0.03985492425791849
0.0
0.007154471544715447
0.010110893672537508
0.0
0.4445254144652942
0.0
0.0
0.0
0.0
0.0
0.022113821138211382
0.024445893089960886
1.0
0.7544910179640718
0.0
0.0
0.002281483100631165
0.015384615384615385
0.0
0.0
0.0
1.0
0.0
0.0
0.0017213585070630344
0.01948051948051948
0.0
0.0
0.0
1.0
0.0
0.0010519413098718543
0.06930693069306931
0.0
0.0
1.0
1.0
0.0
0.0
1.0
0.0
4.23508839039318E-4
0.047306634467028916
0.0
0.0
0.0
0.0
0.0010519413098718543
1.0
0.0
0.0
0.06930693069306931
1.0
0.0
0.0
1.0
0.0
0.0
1.0
