1.0
0.12280701754385964
0.12280701754385964
1.0
0.0
0.36
0.36
0.19298245614035087
0.25
0.25
0.0
0.0
0.4375
0.0
0.1794871794871795
0.15
0.2153846153846154
0.6808510638297872
0.0
0.12280701754385964
0.10344827586206896
1.0
0.0
0.4375
0.15
0.1794871794871795
0.2765957446808511
0.30434782608695654
0.30434782608695654
0.2
0.0
0.22641509433962265
0.3541666666666667
0.5116279069767442
0.2826086956521739
0.1346153846153846
0.2826086956521739
0.43902439024390244
1.0
0.058823529411764705
0.058823529411764705
1.0
0.0
0.0
0.1
0.1
0.0
0.13636363636363635
0.3157894736842105
0.3157894736842105
0.27692307692307694
0.4067796610169492
0.19298245614035087
0.36
0.36
0.19298245614035087
0.13636363636363635
0.0
0.3157894736842105
0.3157894736842105
0.0
0.12280701754385964
0.20754716981132076
0.5238095238095238
0.5333333333333333
0.2545454545454545
0.06153846153846154
0.23214285714285715
0.0
0.3404255319148936
0.18867924528301888
0.21153846153846154
1.0
1.0
1.0
1.0
0.29411764705882354
0.0
0.29411764705882354
0.0
0.1
0.1
0.0
0.0
0.0
0.0
0.0
0.29411764705882354
0.0
0.29411764705882354
0.0
0.2
0.0
0.2
0.0
0.0
0.0
0.0
0.0
0.0
0.0
0.0
1.0
0.0
0.0
1.0
0.2978723404255319
0.2978723404255319
0.0
0.1794871794871795
0.4375
0.15
0.0
1.0
1.0
0.0
0.2
0.3548387096774194
0.0
0.3548387096774194
0.0
0.14634146341463414
0.14634146341463414
0.11904761904761904
0.20588235294117646
0.10810810810810811
0.0
0.17142857142857143
1.0
0.2153846153846154
0.6808510638297872
0.2978723404255319
0.2978723404255319
0.22950819672131148
0.41509433962264153
0.2698412698412698
0.3793103448275862
0.21311475409836064
0.32142857142857145
1.0
0.10344827586206896
0.10344827586206896
1.0
0.4375
0.0
0.15
0.1794871794871795
0.0
0.30434782608695654
0.30434782608695654
0.2
0.2037037037037037
0.14035087719298245
0.3541666666666667
0.5116279069767442
0.0
0.18
0.2826086956521739
0.43902439024390244
1.0
0.0
0.0
1.0
0.0
0.3548387096774194
0.2
0.3548387096774194
0.14634146341463414
0.11904761904761904
0.0
0.14634146341463414
0.0
0.17142857142857143
0.20588235294117646
0.10810810810810811
1.0
0.07692307692307693
0.07692307692307693
1.0
0.0
0.35555555555555557
0.12962962962962962
0.17307692307692307
0.4864864864864865
0.1702127659574468
0.0784313725490196
0.2222222222222222
1.0
0.2692307692307692
0.2692307692307692
1.0
0.0
0.4634146341463415
0.4634146341463415
0.36363636363636365
1.0
0.17391304347826086
0.17391304347826086
1.0
