1.0
0.0
0.0
1.0
0.096
0.0
1.0
0.0
0.095
0.0
0.098
0.0
0.27663734115347016
0.0
0.0
0.0
0.497
0.0
1.0
0.0
0.0
0.0
0.7779578606158833
0.0
0.0
0.0
0.0
0.0
1.0
0.096
0.04371584699453552
0.04864864864864865
0.06349206349206349
0.0
0.08211678832116788
0.096
0.0
0.0794979079497908
0.0
0.0
1.0
0.095
0.098
0.27663734115347016
0.0
0.497
1.0
0.0
0.7779578606158833
0.0
0.0
1.0
0.07222222222222222
0.0636604774535809
0.0
0.08623853211009175
0.095
0.0
0.07775919732441472
0.0
0.0
1.0
0.11602209944751381
0.0
0.09981515711645102
0.098
0.0
0.07666666666666666
0.0
0.0
1.0
0.0
0.0
1.0
0.2057057057057057
0.0
0.27663734115347016
0.0
0.0
0.0
0.22249388753056235
0.0
0.0
0.0
0.0
0.0
1.0
0.497
0.0
0.3952145214521452
0.0
0.0
1.0
0.0
0.0
1.0
0.7779578606158833
0.0
0.0
0.0
0.0
0.5933188090050835
1.0
0.0
0.0
0.0
1.0
0.0
0.0
0.0
1.0
